2552,2552
2560,2560
2561,2561
2588,2588
2590,2590
2585,2590
2520,2590
2511,2511
2578,2511
2511,2511
2495,2511
2512,2511
2551,2511
2577,2577
2575,2577
2544,2577
2580,2577
2578,2577
2565,2577
2465,2465
2472,2465
2587,2465
2577,2465
2578,2465
2583,2465
2578,2465
2577,2465
2562,2562
2576,2562
2532,2562
2573,2562
2538,2562
2574,2562
2568,2562
2572,2562
2575,2562
2581,2581
2548,2581
2590,2581
2588,2581
2543,2581
2539,2539
2582,2539
2560,2539
2590,2539
2580,2539
2581,2539
2584,2539
2560,2539
2526,2539
2560,2539
2576,2539
2495,2539
2580,2539
2521,2539
2587,2539
2522,2539
2574,2539
2581,2539
2579,2539
2569,2539
2585,2539
2569,2539
2575,2539
2580,2539
2584,2584
2587,2587
2585,2587
2540,2587
2582,2587
2573,2587
2579,2587
2549,2587
2575,2587
2575,2587
2581,2581
2577,2581
2564,2581
2568,2581
2592,2581
2561,2581
2507,2581
2578,2581
2575,2581
2560,2581
2521,2521
2575,2521
2565,2521
2581,2521
2495,2521
2589,2521
2462,2521
2587,2521
2584,2521
2549,2521
2577,2521
2502,2521
2513,2521
2575,2521
2511,2521
2578,2521
2575,2521
2584,2521
2544,2521
2583,2521
2536,2521
2440,2521
2582,2521
2576,2521
2586,2521
2579,2521
2578,2521
2503,2503
2576,2503
2526,2503
2516,2503
2580,2503
2572,2503
2582,2503
2581,2503
2574,2503
2575,2503
2571,2503
2517,2503
2543,2503
2590,2503
2480,2503
2538,2503
2477,2503
2586,2503
2573,2503
2586,2503
2573,2503
2576,2503
2543,2503
2560,2503
2575,2503
2576,2576
2572,2576
2538,2576
2576,2576
2574,2576
2465,2576
2586,2576
2538,2576
2564,2576
2574,2576
2577,2577
2575,2577
2498,2577
2542,2577
2551,2577
2561,2561
2524,2561
2512,2561
2575,2561
2454,2561
2590,2561
2592,2561
2508,2561
2500,2561
2575,2561
2577,2561
2577,2577
2540,2577
2574,2577
2533,2577
2580,2577
2578,2577
2564,2577
2589,2577
2505,2577
2589,2577
2575,2577
2578,2577
2548,2577
2569,2577
2575,2577
2577,2577
2501,2577
2588,2577
2490,2577
2573,2577
2578,2577
2575,2577
2575,2577
2586,2577
2562,2577
2498,2577
2590,2577
2510,2577
2562,2577
2576,2577
2491,2577
2540,2577
2552,2577
2590,2590
2516,2590
2579,2590
2579,2590
2581,2581
2591,2591
2575,2591
2571,2591
2575,2591
2569,2591
2576,2591
2515,2591
2584,2591
2566,2591
2575,2591
2574,2591
2588,2591
2586,2591
2580,2591
2573,2573
2537,2537
2577,2537
2511,2537
2546,2537
2561,2537
2570,2570
2575,2575
2565,2575
2581,2575
2505,2575
2511,2575
2579,2575
2515,2575
2588,2575
2575,2575
2584,2575
2593,2575
2578,2575
2568,2575
2580,2575
2548,2575
2575,2575
2584,2575
2499,2575
2566,2575
2572,2575
2535,2575
2575,2575
2568,2575
2564,2575
2573,2575
2518,2575
2590,2575
2567,2575
2537,2575
2571,2575
2544,2575
2539,2575
2575,2575
2575,2575
2579,2579
2572,2579
2575,2579
2580,2579
2584,2584
2509,2584
2512,2584
2560,2584
2506,2584
2470,2584
2585,2584
2594,2584
2526,2584
2572,2584
2578,2584
2591,2591
2579,2591
2576,2591
2568,2568
2585,2568
2507,2568
2575,2568
2512,2568
2575,2568
2537,2568
2568,2568
2527,2568
2591,2568
2580,2568
2580,2568
2561,2561
2520,2520
2448,2448
2588,2448
2530,2448
2568,2448
2566,2448
2576,2448
2564,2448
2575,2448
2581,2448
2497,2448
2545,2448
2568,2448
2573,2573
2580,2580
2575,2580
2453,2580
2525,2580
2572,2580
2488,2580
2578,2580
2523,2580
2582,2580
2588,2580
2575,2580
2560,2580
2533,2533
2488,2488
2517,2488
2574,2488
2572,2488
2541,2488
2543,2488
2585,2488
2574,2488
2575,2488
2560,2488
2542,2488
2505,2505
2596,2505
2577,2505
2581,2505
2547,2505
2585,2505
2462,2505
2575,2505
2575,2505
2517,2505
2566,2505
2560,2505
2579,2505
2579,2505
2578,2505
2502,2502
2486,2486
2562,2486
2584,2486
2568,2486
2508,2486
2575,2486
2537,2486
2590,2486
2526,2486
2567,2486
2523,2486
2544,2486
2578,2486
2538,2486
2571,2486
2574,2486
2579,2579
2495,2579
2497,2579
2595,2579
2584,2579
2540,2579
2526,2526
2545,2526
2539,2526
2578,2526
2550,2526
2575,2526
2561,2526
2562,2526
2484,2526
2578,2526
2592,2526
2580,2526
2594,2526
2577,2526
2562,2526
2576,2526
2567,2526
2575,2526
2575,2526
2574,2526
2575,2526
2577,2526
2589,2589
2572,2589
2582,2589
2583,2589
2575,2589
2580,2589
2560,2589
2565,2589
2575,2589
2578,2578
2578,2578
2586,2586
2570,2586
2577,2586
2532,2586
2533,2586
2543,2586
2575,2575
2580,2580
2585,2585
2510,2585
2561,2585
2567,2585
2564,2585
2568,2585
2542,2585
2576,2585
2573,2585
2573,2585
2568,2568
2577,2568
2586,2568
2586,2586
2575,2586
2588,2586
2592,2586
2577,2586
2565,2586
2585,2586
2581,2586
2575,2586
2494,2494
2560,2494
2569,2494
2573,2573
2571,2573
2580,2573
2584,2573
2447,2573
2511,2573
2565,2573
2591,2591
2581,2591
2569,2591
2579,2591
2488,2591
2509,2591
2563,2591
2587,2587
2499,2587
2586,2587
2593,2587
2588,2587
2585,2587
2581,2581
2560,2560
2586,2560
2575,2560
2567,2560
2576,2560
2512,2560
2576,2560
2497,2560
2577,2560
2469,2560
2575,2560
2575,2560
2586,2586
2578,2586
2543,2586
2581,2586
2482,2586
2575,2586
2513,2586
2568,2586
2575,2586
2541,2586
2574,2586
2564,2586
2588,2586
2513,2586
2560,2586
2497,2586
2586,2586
2588,2586
2568,2586
2588,2586
2575,2586
2577,2586
2574,2586
2502,2586
2589,2586
2584,2586
2588,2586
2584,2586
2536,2586
2530,2530
2524,2524
2512,2512
2578,2512
2537,2512
2575,2512
2527,2512
2575,2512
2575,2512
2454,2512
2585,2512
2528,2512
2466,2512
2561,2512
2573,2512
2579,2579
2562,2579
2582,2579
2586,2579
2575,2579
2552,2579
2548,2548
2502,2502
2520,2502
2581,2502
2520,2502
2597,2502
2589,2502
2529,2502
2508,2508
2579,2508
2553,2508
2573,2508
2560,2508
2538,2508
2581,2508
2560,2508
2575,2508
2542,2508
2576,2508
2573,2508
2592,2508
2590,2508
2592,2508
2572,2508
2588,2508
2564,2508
2561,2508
2527,2527
2581,2527
2515,2527
2546,2527
2545,2527
2586,2527
2571,2527
2574,2527
2578,2527
2571,2527
2565,2527
2569,2527
2511,2527
2521,2527
2575,2527
2560,2527
2572,2527
2515,2527
2564,2527
2575,2527
2569,2527
2522,2527
2543,2527
2561,2527
2528,2527
2575,2527
2582,2527
2456,2527
2574,2527
2574,2527
2581,2581
2591,2591
2577,2591
2581,2591
2569,2591
2584,2591
2580,2591
2560,2591
2568,2591
2514,2591
2466,2591
2515,2591
2575,2591
2575,2575
2576,2576
2575,2576
2575,2576
2547,2547
2572,2547
2501,2547
2566,2547
2575,2547
2576,2576
2578,2578
2574,2578
2525,2578
2600,2578
2543,2578
2582,2578
2592,2578
2593,2593
2585,2593
2591,2593
2579,2593
2588,2593
2575,2593
2511,2593
2560,2593
2503,2593
2575,2593
2560,2593
2580,2593
2520,2593
2494,2593
2565,2593
2588,2593
2585,2593
2560,2593
2578,2593
2568,2593
2575,2593
2549,2593
2549,2593
2575,2593
2476,2593
2573,2593
2491,2593
2551,2593
2525,2593
2584,2593
2585,2593
2572,2593
2578,2593
2574,2593
2543,2593
2581,2593
2578,2593
2560,2593
2511,2511
2575,2511
2549,2511
2574,2511
2565,2511
2570,2511
2582,2511
2497,2511
2586,2511
2574,2511
2582,2511
2537,2511
2506,2511
2561,2511
2571,2511
2575,2575
2572,2575
2587,2575
2575,2575
2576,2575
2583,2575
2578,2575
2504,2575
2570,2575
2573,2575
2450,2575
2576,2575
2578,2575
2560,2575
2567,2575
2498,2575
2578,2575
2575,2575
2550,2575
2529,2529
2511,2511
2580,2511
2511,2511
2577,2511
2526,2511
2576,2511
2592,2511
2588,2511
2538,2511
2565,2511
2581,2511
2536,2511
2579,2511
2572,2511
2581,2511
2570,2511
2578,2511
2581,2511
2508,2511
2527,2511
2572,2511
2568,2511
2573,2511
2575,2511
2564,2511
2552,2511
2495,2495
2569,2495
2575,2495
2595,2595
2574,2595
2586,2595
2588,2595
2530,2595
2584,2595
2576,2595
2575,2595
2580,2595
2495,2595
2531,2595
2582,2595
2568,2595
2532,2595
2575,2595
2449,2595
2577,2595
2585,2595
2510,2595
2577,2595
2561,2595
2572,2595
2545,2595
2565,2595
2520,2595
2577,2595
2575,2595
2516,2595
2560,2595
2539,2595
2543,2595
2584,2595
2579,2595
2502,2595
2592,2595
2499,2595
2576,2595
2576,2595
2504,2595
2543,2595
2508,2595
2568,2595
2581,2595
2563,2595
2560,2595
2590,2595
2577,2595
2485,2595
2488,2595
2588,2595
2576,2595
2574,2595
2576,2595
2572,2595
2572,2595
2586,2595
2571,2595
2568,2595
2560,2560
2560,2560
2560,2560
2571,2571
2537,2571
2572,2571
2570,2571
2570,2571
2582,2571
2511,2571
2575,2571
2581,2571
2531,2571
2574,2571
2583,2571
2585,2585
2510,2585
2450,2585
2592,2585
2586,2585
2568,2585
2584,2585
2511,2585
2575,2585
2582,2585
2499,2585
2541,2585
2560,2585
2577,2577
2575,2577
2580,2577
2570,2577
2512,2577
2523,2577
2583,2577
2575,2577
2521,2577
2515,2515
2572,2515
2561,2515
2580,2515
2578,2515
2575,2515
2562,2562
2544,2544
2588,2544
2537,2544
2488,2544
2571,2544
2495,2544
2574,2544
2524,2544
2448,2544
2597,2544
2538,2544
2532,2544
2582,2544
2537,2544
2526,2544
2562,2544
2578,2544
2560,2544
2541,2544
2495,2495
2579,2495
2584,2495
2530,2495
2529,2495
2514,2514
2562,2514
2585,2514
2575,2514
2528,2514
2575,2514
2564,2514
2511,2514
2573,2514
2565,2514
2547,2514
2560,2514
2543,2514
2590,2514
2467,2514
2582,2514
2570,2514
2543,2514
2575,2514
2577,2514
2545,2514
2579,2514
2577,2514
2576,2514
2490,2490
2525,2490
2525,2490
2584,2584
2511,2584
2570,2584
2477,2584
2579,2584
2581,2584
2525,2584
2543,2584
2579,2584
2530,2584
2577,2584
2528,2584
2550,2584
2575,2584
2569,2584
2561,2584
2586,2584
2582,2584
2591,2584
2551,2584
2582,2584
2581,2584
2513,2584
2545,2584
2531,2584
2586,2584
2533,2584
2576,2584
2579,2584
2524,2584
2593,2584
2571,2584
2597,2584
2592,2584
2545,2584
2580,2584
2522,2584
2577,2584
2580,2584
2587,2587
2582,2587
2575,2587
2475,2475
2550,2475
2592,2475
2569,2475
2578,2475
2533,2475
2543,2475
2511,2475
2495,2475
2572,2475
2573,2475
2568,2475
2580,2475
2546,2475
2575,2475
2500,2475
2513,2475
2560,2475
2587,2587
2516,2587
2594,2587
2579,2587
2587,2587
2543,2587
2498,2587
2511,2587
2575,2587
2499,2587
2578,2587
2541,2587
2564,2587
2588,2587
2450,2587
2495,2587
2576,2587
2585,2585
2580,2585
2573,2585
2560,2560
2575,2560
2576,2560
2580,2580
2547,2580
2564,2580
2561,2580
2575,2580
2575,2580
2511,2580
2585,2580
2569,2580
2584,2580
2568,2580
2574,2580
2523,2580
2510,2580
2569,2580
2541,2580
2570,2580
2576,2580
2456,2580
2511,2580
2581,2580
2563,2580
2574,2580
2524,2580
2568,2580
2477,2580
2572,2580
2527,2580
2533,2580
2506,2580
2560,2580
2537,2580
2575,2580
2576,2580
2565,2580
2552,2580
2474,2474
2511,2474
2580,2474
2494,2474
2586,2474
2582,2474
2575,2474
2532,2532
2495,2495
2509,2495
2540,2495
2580,2580
2575,2580
2568,2580
2528,2528
2490,2490
2449,2449
2595,2449
2521,2449
2440,2449
2590,2449
2571,2449
2588,2449
2589,2449
2575,2449
2572,2449
2578,2449
2495,2449
2511,2449
2568,2449
2584,2584
2580,2584
2575,2584
2512,2512
2568,2512
2548,2512
2580,2512
2574,2512
2575,2512
2580,2512
2566,2512
2576,2512
2482,2512
2583,2512
2510,2512
2523,2512
2560,2512
2575,2575
2576,2576
2576,2576
2575,2576
2545,2545
2495,2495
2580,2495
2572,2495
2575,2495
2575,2495
2585,2585
2516,2585
2575,2585
2525,2585
2575,2585
2581,2585
2592,2592
2573,2592
2515,2592
2575,2592
2514,2592
2543,2592
2582,2592
2536,2592
2571,2592
2526,2592
2543,2592
2546,2592
2568,2568
2581,2581
2589,2589
2586,2589
2540,2589
2552,2589
2569,2589
2573,2573
2518,2573
2573,2573
2577,2573
2511,2573
2505,2573
2579,2573
2587,2573
2511,2573
2582,2573
2589,2573
2584,2573
2514,2573
2575,2573
2579,2573
2582,2582
2577,2582
2579,2582
2500,2582
2579,2582
2577,2582
2504,2582
2572,2582
2575,2582
2491,2582
2575,2582
2578,2582
2576,2582
2585,2582
2590,2582
2517,2582
2578,2582
2518,2582
2583,2582
2544,2582
2560,2582
2584,2582
2578,2582
2575,2582
2560,2560
2580,2560
2587,2560
2575,2560
2578,2560
2473,2560
2584,2560
2572,2560
2596,2560
2533,2560
2590,2560
2571,2560
2567,2560
2560,2560
2588,2560
2575,2560
2578,2560
2560,2560
2543,2560
2584,2560
2516,2560
2511,2560
2570,2560
2588,2560
2511,2560
2501,2560
2511,2560
2564,2560
2498,2560
2536,2560
2576,2560
2575,2560
2518,2560
2495,2495
2533,2495
2573,2495
2569,2495
2543,2495
2573,2495
2511,2495
2587,2495
2573,2495
2584,2495
2574,2495
2576,2495
2586,2495
2577,2495
2543,2495
2574,2495
2564,2495
2483,2495
2521,2495
2568,2495
2574,2574
2511,2574
2578,2574
2575,2574
2581,2574
2572,2574
2561,2574
2591,2574
2577,2574
2579,2574
2528,2574
2575,2574
2578,2574
2565,2574
2578,2574
2580,2574
2579,2574
2586,2574
2585,2574
2581,2574
2561,2561
2528,2528
2579,2528
2581,2528
2572,2528
2582,2528
2574,2528
2561,2528
2511,2511
2493,2493
2562,2493
2575,2493
2580,2580
2576,2580
2502,2580
2450,2450
2500,2450
2587,2450
2507,2450
2577,2450
2576,2450
2575,2450
2548,2548
2579,2548
2584,2548
2560,2548
2525,2548
2541,2548
2577,2548
2479,2548
2471,2548
2498,2548
2584,2548
2578,2548
2529,2548
2585,2548
2560,2548
2588,2548
2577,2548
2530,2548
2543,2548
2586,2548
2572,2548
2577,2548
2549,2548
2568,2548
2496,2548
2575,2548
2511,2548
2480,2548
2584,2548
2470,2548
2585,2548
2560,2548
2518,2548
2584,2548
2524,2548
2489,2548
2573,2548
2509,2548
2525,2548
2581,2548
2581,2581
2566,2581
2586,2581
2596,2581
2578,2581
2568,2581
2580,2581
2575,2581
2576,2581
2579,2581
2529,2581
2563,2581
2562,2581
2577,2581
2590,2581
2473,2581
2560,2581
2513,2581
2581,2581
2586,2581
2580,2581
2562,2581
2570,2581
2549,2581
2531,2581
2573,2581
2542,2581
2510,2581
2580,2581
2587,2581
2577,2581
2575,2581
2584,2581
2575,2581
2574,2581
2581,2581
2563,2581
2584,2581
2574,2581
2507,2581
2585,2581
2479,2581
2585,2581
2584,2581
2560,2581
2576,2581
2575,2581
2576,2581
2561,2581
2578,2581
2579,2581
2511,2581
2575,2581
2480,2581
2596,2581
2588,2581
2590,2581
2538,2581
2570,2581
2531,2581
2543,2581
2544,2581
2579,2579
2513,2579
2524,2579
2568,2579
2538,2579
2575,2579
2562,2579
2588,2579
2589,2579
2570,2579
2577,2579
2583,2579
2499,2579
2505,2579
2575,2579
2579,2579
2578,2579
2576,2579
2586,2579
2479,2579
2593,2579
2561,2579
2584,2579
2500,2579
2560,2579
2580,2579
2543,2579
2571,2579
2560,2579
2576,2579
2579,2579
2473,2579
2525,2579
2542,2579
2584,2584
2545,2584
2583,2584
2584,2584
2511,2584
2520,2584
2528,2584
2584,2584
2560,2584
2569,2584
2575,2584
2584,2584
2581,2584
2511,2584
2579,2584
2572,2584
2509,2584
2578,2584
2585,2584
2580,2584
2585,2584
2582,2584
2512,2584
2560,2584
2574,2584
2575,2575
2583,2583
2526,2583
2507,2583
2461,2461
2544,2461
2590,2461
2589,2461
2584,2461
2570,2570
2578,2570
2487,2570
2531,2570
2566,2570
2560,2570
2584,2570
2566,2570
2562,2570
2493,2493
2511,2493
2538,2493
2581,2581
2588,2588
2581,2588
2566,2588
2537,2537
2589,2537
2582,2537
2577,2537
2581,2537
2552,2537
2563,2537
2561,2537
2538,2537
2536,2536
2581,2536
2577,2536
2602,2536
2520,2536
2499,2536
2580,2536
2540,2536
2574,2536
2580,2536
2552,2536
2566,2536
2573,2536
2575,2575
2596,2596
2542,2596
2590,2596
2572,2596
2546,2596
2590,2596
2589,2596
2568,2596
2584,2596
2564,2596
2573,2596
2575,2596
2580,2580
2575,2580
2575,2580
2548,2548
2466,2466
2445,2445
2479,2445
2543,2445
2579,2579
2580,2580
2543,2580
2535,2580
2581,2580
2575,2580
2570,2580
2563,2563
2574,2563
2576,2563
2574,2563
2589,2563
2520,2563
2575,2563
2447,2563
2593,2563
2585,2563
2560,2563
2575,2563
2570,2563
2570,2563
2561,2561
2582,2561
2573,2561
2564,2561
2571,2561
2577,2561
2575,2561
2585,2561
2511,2561
2575,2561
2553,2561
2587,2561
2579,2561
2578,2561
2585,2561
2543,2561
2489,2561
2575,2561
2517,2561
2575,2561
2504,2561
2582,2561
2575,2561
2578,2561
2591,2561
2495,2561
2537,2561
2561,2561
2576,2576
2579,2579
2584,2584
2562,2584
2571,2584
2580,2584
2505,2584
2580,2584
2448,2584
2573,2584
2519,2584
2513,2584
2574,2584
2584,2584
2575,2584
2491,2584
2575,2584
2584,2584
2538,2584
2577,2584
2550,2584
2596,2584
2518,2584
2490,2584
2576,2584
2496,2584
2563,2584
2575,2584
2581,2581
2575,2581
2581,2581
2575,2581
2570,2581
2486,2486
2575,2486
2581,2486
2585,2585
2522,2585
2592,2585
2582,2585
2578,2585
2578,2578
2589,2578
2584,2578
2569,2578
2521,2521
2498,2498
2511,2498
2576,2498
2452,2498
2584,2498
2587,2498
2593,2593
2593,2593
2586,2593
2575,2575
2550,2550
2499,2499
2570,2499
2575,2499
2577,2577
2577,2577
2511,2577
2570,2577
2580,2577
2543,2577
2594,2577
2526,2577
2585,2577
2590,2577
2585,2577
2500,2577
2544,2577
2515,2577
2536,2577
2562,2577
2577,2577
2569,2577
2577,2577
2582,2577
2587,2587
2591,2591
2565,2591
2575,2591
2561,2591
2577,2591
2583,2591
2575,2591
2569,2591
2566,2566
2577,2566
2580,2566
2543,2566
2592,2566
2589,2566
2593,2566
2586,2566
2585,2566
2568,2568
2588,2568
2544,2568
2572,2568
2585,2568
2523,2568
2562,2568
2575,2568
2573,2568
2575,2568
2466,2568
2560,2568
2490,2568
2570,2568
2486,2568
2594,2568
2578,2568
2589,2568
2575,2568
2532,2568
2581,2568
2586,2568
2565,2568
2571,2568
2536,2568
2570,2568
2570,2568
2578,2578
2575,2578
2467,2578
2582,2578
2590,2578
2585,2578
2573,2578
2532,2532
2575,2532
2485,2532
2522,2532
2547,2532
2576,2576
2498,2576
2573,2576
2581,2576
2569,2576
2548,2576
2520,2520
2576,2520
2571,2520
2579,2520
2509,2520
2589,2520
2575,2520
2581,2520
2579,2520
2584,2520
2579,2520
2511,2520
2575,2520
2536,2520
2570,2520
2586,2520
2529,2520
2591,2520
2515,2520
2576,2520
2586,2520
2586,2586
2546,2586
2543,2543
2576,2543
2514,2543
2543,2543
2543,2543
2495,2543
2522,2543
2560,2543
2564,2564
2581,2581
2566,2581
2551,2581
2591,2581
2585,2581
2579,2581
2569,2569
2573,2569
2481,2569
2579,2569
2575,2569
2573,2569
2543,2543
2572,2543
2552,2543
2572,2543
2510,2543
2573,2543
2574,2543
2579,2579
2574,2579
2571,2579
2576,2579
2575,2579
2588,2579
2594,2579
2576,2579
2584,2579
2553,2579
2546,2579
2588,2579
2572,2579
2537,2579
2569,2579
2575,2579
2575,2575
2575,2575
2577,2577
2497,2577
2573,2577
2581,2577
2568,2577
2585,2577
2494,2577
2596,2577
2588,2577
2587,2577
2566,2566
2584,2566
2568,2566
2582,2566
2574,2566
2566,2566
2543,2543
2575,2543
2573,2543
2577,2543
2487,2543
2589,2543
2575,2543
2523,2543
2528,2543
2517,2543
2575,2543
2566,2543
2573,2543
2525,2543
2579,2543
2573,2543
2576,2543
2470,2543
2575,2543
2590,2543
2590,2590
2588,2590
2561,2561
2571,2561
2568,2561
2560,2561
2516,2516
2518,2516
2573,2516
2584,2584
2574,2584
2575,2584
2505,2584
2560,2584
2497,2584
2586,2584
2581,2584
2595,2584
2498,2584
2479,2584
2505,2584
2576,2584
2528,2584
2540,2584
2575,2584
2546,2584
2521,2584
2571,2584
2482,2584
2543,2584
2588,2584
2565,2584
2574,2584
2566,2584
2565,2584
2575,2584
2576,2584
2513,2584
2575,2584
2526,2584
2547,2584
2572,2584
2495,2584
2578,2584
2564,2584
2537,2584
2585,2584
2590,2584
2562,2584
2589,2584
2498,2584
2584,2584
2585,2584
2565,2584
2576,2584
2560,2584
2575,2584
2511,2584
2569,2584
2578,2584
2525,2584
2452,2584
2576,2584
2507,2584
2586,2584
2585,2584
2590,2584
2581,2584
2522,2584
2575,2584
2568,2584
2549,2584
2581,2584
2587,2584
2515,2584
2508,2584
2574,2584
2597,2584
2570,2584
2571,2584
2582,2584
2560,2584
2560,2584
2579,2584
2573,2584
2543,2584
2543,2543
2579,2543
2575,2543
2587,2543
2573,2543
2573,2543
2532,2532
2575,2532
2577,2532
2582,2582
2580,2582
2584,2582
2577,2582
2573,2582
2589,2582
2488,2582
2578,2582
2572,2582
2582,2582
2569,2582
2516,2582
2579,2582
2495,2582
2593,2582
2560,2582
2575,2582
2588,2582
2591,2591
2582,2591
2505,2591
2575,2591
2516,2591
2575,2591
2587,2591
2576,2591
2568,2591
2560,2560
2547,2547
2577,2547
2584,2547
2594,2594
2497,2594
2560,2594
2581,2594
2511,2594
2584,2594
2575,2594
2544,2594
2573,2594
2564,2594
2581,2594
2453,2594
2594,2594
2588,2594
2573,2594
2495,2495
2548,2495
2496,2495
2573,2495
2575,2495
2537,2495
2575,2495
2575,2495
2588,2588
2566,2588
2578,2588
2569,2588
2581,2588
2566,2588
2591,2588
2587,2588
2597,2588
2560,2588
2578,2588
2586,2588
2570,2588
2517,2588
2580,2588
2577,2588
2574,2588
2576,2588
2572,2588
2573,2588
2572,2588
2576,2588
2575,2588
2506,2588
2512,2588
2541,2588
2580,2580
2583,2583
2590,2590
2575,2590
2578,2590
2561,2590
2571,2590
2579,2590
2561,2590
2560,2590
2545,2545
2570,2545
2582,2545
2480,2545
2589,2545
2516,2545
2589,2545
2568,2545
2584,2545
2548,2545
2531,2545
2527,2527
2566,2527
2524,2527
2575,2527
2498,2527
2552,2527
2543,2527
2562,2527
2508,2527
2582,2527
2588,2527
2511,2527
2516,2527
2570,2527
2550,2527
2576,2527
2574,2527
2585,2527
2533,2527
2585,2527
2520,2527
2560,2527
2544,2527
2580,2527
2582,2527
2574,2527
2515,2527
2470,2470
2576,2470
2533,2470
2581,2470
2571,2470
2534,2470
2535,2470
2530,2470
2502,2470
2575,2470
2564,2470
2579,2470
2577,2470
2581,2470
2479,2470
2592,2470
2564,2470
2576,2470
2575,2470
2582,2470
2542,2470
2581,2470
2585,2470
2575,2470
2571,2470
2543,2543
2577,2543
2509,2543
2582,2543
2581,2543
2582,2543
2586,2543
2534,2543
2575,2543
2583,2543
2580,2543
2581,2543
2579,2543
2571,2543
2580,2543
2575,2543
2573,2543
2484,2484
2590,2484
2584,2484
2582,2484
2575,2575
2581,2575
2572,2575
2587,2575
2564,2575
2523,2575
2511,2511
2582,2511
2581,2511
2575,2511
2575,2575
2462,2462
2575,2462
2564,2462
2576,2462
2576,2462
2496,2462
2579,2462
2582,2462
2584,2584
2570,2584
2575,2584
2511,2584
2568,2584
2581,2584
2501,2584
2551,2584
2587,2584
2542,2584
2575,2584
2582,2584
2461,2584
2589,2584
2588,2584
2591,2584
2567,2584
2499,2584
2580,2584
2517,2584
2572,2584
2498,2584
2544,2584
2501,2584
2579,2584
2495,2584
2510,2584
2578,2584
2564,2584
2578,2584
2544,2584
2463,2584
2592,2584
2593,2584
2583,2584
2552,2584
2576,2584
2578,2584
2585,2585
2575,2585
2560,2585
2576,2585
2587,2585
2543,2585
2575,2585
2476,2585
2598,2585
2590,2585
2575,2585
2541,2541
2569,2541
2560,2541
2589,2541
2572,2541
2574,2541
2575,2541
2575,2575
2575,2575
2564,2564
2587,2564
2575,2564
2575,2564
2561,2561
2463,2463
2501,2463
2573,2463
2584,2584
2576,2584
2581,2584
2575,2584
2580,2584
2574,2584
2570,2584
2541,2541
2577,2541
2577,2541
2575,2541
2591,2541
2526,2541
2568,2541
2460,2541
2552,2541
2585,2541
2560,2541
2575,2541
2569,2541
2497,2541
2573,2541
2577,2541
2586,2586
2578,2586
2574,2586
2575,2586
2574,2586
2517,2586
2580,2586
2600,2586
2575,2586
2538,2586
2510,2510
2577,2510
2546,2510
2527,2510
2538,2510
2575,2510
2517,2510
2575,2510
2470,2510
2541,2510
2521,2510
2593,2510
2566,2510
2560,2510
2581,2510
2520,2510
2571,2510
2562,2510
2542,2510
2575,2510
2537,2510
2585,2510
2479,2510
2581,2510
2526,2510
2521,2510
2511,2511
2569,2511
2527,2511
2574,2511
2505,2511
2575,2511
2583,2511
2575,2511
2484,2511
2497,2511
2587,2511
2585,2511
2576,2511
2575,2575
2507,2507
2582,2507
2582,2507
2579,2507
2594,2507
2580,2507
2573,2507
2580,2507
2445,2507
2586,2507
2561,2507
2535,2507
2543,2507
2590,2507
2575,2507
2584,2507
2574,2507
2513,2507
2571,2507
2513,2507
2578,2507
2571,2507
2507,2507
2575,2507
2525,2507
2588,2507
2575,2507
2584,2507
2570,2507
2563,2507
2581,2507
2511,2507
2560,2507
2517,2507
2545,2507
2500,2507
2459,2507
2586,2507
2548,2507
2577,2507
2586,2507
2547,2507
2577,2507
2576,2507
2572,2507
2576,2507
2545,2507
2562,2507
2570,2507
2537,2507
2505,2507
2578,2507
2540,2507
2575,2507
2447,2507
2526,2507
2543,2507
2590,2590
2561,2590
2515,2590
2560,2590
2587,2590
2538,2590
2568,2590
2509,2590
2571,2590
2542,2590
2542,2590
2573,2590
2481,2590
2589,2590
2589,2590
2600,2600
2575,2600
2583,2600
2580,2600
2586,2600
2489,2600
2580,2600
2573,2600
2575,2600
2581,2600
2569,2600
2581,2600
2532,2600
2589,2600
2587,2600
2586,2600
2501,2501
2505,2501
2567,2501
2568,2568
2572,2572
2560,2572
2574,2572
2493,2572
2580,2572
2577,2572
2545,2572
2574,2572
2489,2572
2592,2572
2590,2572
2550,2572
2583,2572
2579,2572
2495,2572
2516,2572
2569,2572
2571,2571
2584,2584
2510,2584
2579,2584
2516,2584
2495,2584
2583,2584
2524,2584
2577,2584
2582,2584
2476,2584
2590,2584
2585,2584
2523,2584
2506,2506
2550,2506
2514,2506
2511,2506
2578,2506
2514,2506
2545,2506
2525,2506
2595,2506
2590,2506
2593,2506
2584,2506
2511,2506
2570,2506
2563,2506
2576,2506
2580,2506
2507,2506
2574,2506
2540,2506
2541,2506
2496,2506
2481,2506
2590,2506
2544,2506
2538,2506
2496,2496
2582,2496
2575,2496
2509,2496
2541,2496
2505,2496
2489,2496
2571,2496
2588,2496
2576,2496
2592,2496
2576,2496
2585,2496
2514,2496
2500,2496
2575,2496
2577,2496
2495,2496
2564,2496
2448,2496
2532,2496
2542,2496
2591,2591
2586,2591
2582,2591
2509,2509
2584,2509
2492,2509
2531,2509
2504,2509
2562,2509
2571,2509
2562,2509
2591,2509
2454,2509
2494,2509
2541,2509
2577,2577
2539,2577
2537,2577
2586,2577
2577,2577
2576,2577
2560,2560
2573,2560
2578,2560
2525,2560
2580,2560
2578,2560
2594,2560
2586,2560
2588,2560
2575,2560
2569,2560
2585,2560
2584,2560
2577,2560
2575,2575
2581,2575
2582,2575
2579,2575
2477,2575
2580,2575
2590,2575
2573,2575
2576,2575
2571,2575
2585,2575
2579,2575
2550,2575
2517,2517
2572,2517
2498,2517
2586,2517
2575,2517
2571,2517
2587,2517
2561,2517
2582,2517
2552,2517
2571,2517
2478,2517
2585,2517
2580,2517
2580,2517
2575,2575
2534,2534
2530,2530
2587,2530
2514,2530
2575,2530
2579,2530
2575,2530
2525,2530
2564,2530
2579,2530
2576,2530
2564,2530
2475,2475
2576,2475
2576,2475
2461,2475
2526,2475
2587,2475
2499,2475
2506,2475
2581,2475
2575,2475
2539,2475
2515,2515
2586,2515
2564,2515
2562,2515
2575,2515
2589,2515
2479,2515
2568,2515
2575,2515
2490,2515
2581,2515
2597,2515
2573,2515
2585,2515
2572,2515
2580,2515
2576,2515
2580,2515
2482,2515
2560,2515
2500,2515
2580,2515
2580,2515
2560,2515
2543,2543
2575,2543
2562,2543
2537,2543
2567,2543
2463,2543
2585,2543
2591,2543
2581,2543
2573,2543
2583,2543
2573,2543
2526,2543
2575,2543
2584,2543
2573,2543
2575,2543
2569,2543
2580,2543
2486,2543
2584,2543
2532,2543
2580,2543
2571,2543
2589,2543
2509,2543
2582,2543
2526,2543
2575,2543
2548,2543
2505,2543
2600,2543
2591,2543
2582,2543
2504,2504
2578,2504
2574,2504
2572,2504
2581,2504
2587,2504
2577,2504
2575,2504
2571,2571
2577,2571
2562,2571
2575,2571
2576,2571
2561,2571
2593,2571
2491,2571
2573,2571
2582,2571
2560,2571
2544,2571
2518,2518
2543,2518
2585,2518
2508,2518
2580,2518
2483,2518
2574,2518
2580,2518
2572,2518
2578,2518
2548,2518
2580,2518
2574,2518
2575,2518
2593,2518
2586,2518
2579,2518
2511,2511
2520,2511
2592,2511
2561,2511
2575,2511
2581,2511
2505,2511
2564,2511
2572,2511
2577,2577
2566,2577
2575,2577
2549,2577
2570,2577
2581,2577
2561,2577
2585,2577
2606,2577
2593,2577
2580,2577
2542,2542
2584,2542
2564,2542
2572,2542
2581,2542
2575,2542
2504,2542
2537,2542
2545,2542
2494,2542
2560,2542
2588,2542
2565,2542
2569,2542
2483,2542
2596,2542
2547,2542
2578,2542
2549,2542
2593,2542
2573,2542
2576,2542
2540,2542
2543,2542
2575,2542
2575,2575
2575,2575
2586,2586
2585,2586
2542,2586
2575,2586
2564,2586
2564,2586
2540,2540
2511,2511
2575,2511
2575,2511
2576,2576
2578,2578
2577,2578
2447,2578
2596,2578
2582,2578
2596,2578
2551,2578
2586,2578
2563,2578
2545,2578
2576,2578
2587,2578
2560,2578
2560,2578
2507,2507
2543,2507
2574,2507
2575,2575
2471,2575
2564,2575
2585,2575
2588,2588
2575,2588
2509,2588
2542,2588
2569,2588
2560,2588
2520,2588
2549,2588
2511,2588
2573,2588
2486,2588
2499,2588
2589,2588
2594,2594
2594,2594
2593,2594
2582,2582
2577,2577
2505,2505
2574,2505
2506,2505
2515,2505
2577,2505
2578,2578
2523,2578
2572,2578
2512,2578
2508,2578
2576,2578
2580,2578
2588,2588
2553,2588
2596,2588
2570,2588
2508,2588
