2550,2550
2563,2563
2574,2574
2589,2589
2577,2589
2572,2589
2569,2589
2588,2589
2523,2589
2575,2589
2562,2589
2580,2589
2574,2589
2572,2589
2576,2589
2574,2589
2576,2589
2573,2589
2505,2589
2592,2589
2585,2589
2542,2589
2577,2589
2518,2589
2578,2589
2526,2589
2578,2589
2575,2589
2576,2589
2434,2589
2530,2589
2590,2589
2577,2589
2486,2589
2585,2589
2565,2589
2575,2589
2518,2589
2575,2589
2576,2589
2575,2589
2578,2589
2588,2589
2590,2589
2591,2589
2586,2589
2585,2589
2576,2589
2580,2589
2573,2589
2577,2589
2577,2589
2577,2589
2569,2589
2575,2589
2447,2589
2592,2589
2578,2589
2570,2589
2560,2589
2575,2589
2577,2589
2492,2589
2495,2589
2572,2589
2581,2589
2537,2589
2560,2589
2552,2589
2577,2589
2582,2589
2593,2589
2588,2589
2580,2589
2550,2589
2585,2589
2579,2589
2575,2589
2572,2589
2575,2589
2573,2589
2564,2589
2575,2589
2574,2589
2475,2589
2589,2589
2498,2589
2587,2589
2591,2589
2578,2589
2588,2589
2578,2589
2575,2589
2543,2589
2482,2589
2492,2589
2516,2589
2560,2589
2440,2589
2578,2589
2542,2589
2495,2589
2560,2589
2570,2589
2575,2589
2505,2589
2579,2589
2510,2589
2574,2589
2496,2589
2449,2589
2580,2589
2580,2589
2550,2589
2581,2589
2539,2589
2510,2589
2573,2589
2584,2589
2568,2589
2577,2589
2462,2589
2598,2589
2505,2589
2576,2589
2575,2589
2584,2589
2580,2589
2576,2589
2575,2589
2570,2589
2566,2589
2575,2589
2479,2589
2587,2589
2509,2589
2547,2589
2581,2589
2514,2589
2508,2589
2579,2589
2572,2589
2570,2589
2576,2589
2575,2589
2575,2589
2450,2589
2575,2589
2583,2589
2453,2589
2593,2589
2585,2589
2569,2589
2579,2589
2575,2589
2574,2589
2570,2589
2544,2589
2495,2589
2580,2589
2461,2589
2479,2589
2578,2589
2524,2589
2546,2589
2581,2589
2577,2589
2578,2589
2550,2589
2569,2589
2578,2589
2587,2589
2511,2589
2562,2589
2578,2589
2574,2589
2584,2589
2511,2589
2521,2589
2576,2589
2543,2589
2576,2589
2488,2589
2465,2589
2578,2589
2492,2589
2584,2589
2564,2589
2577,2589
2574,2589
2580,2589
2582,2589
2572,2589
2580,2589
2560,2589
2578,2589
2575,2589
2586,2589
2575,2589
2577,2589
2571,2589
2526,2589
2584,2589
2577,2589
2584,2589
2568,2589
2575,2589
2544,2589
2543,2589
2522,2589
2575,2589
2581,2589
2581,2589
2499,2589
2546,2589
2584,2589
2584,2589
2550,2589
2571,2589
2578,2589
2575,2589
2575,2589
2575,2589
2489,2589
2570,2589
2584,2589
2578,2589
2578,2589
2584,2589
2575,2589
2578,2589
2572,2589
2578,2589
2577,2589
2575,2589
2581,2589
2575,2589
2585,2589
2510,2589
2565,2589
2575,2589
2528,2589
2508,2589
2578,2589
2578,2589
2506,2589
2578,2589
2578,2589
2481,2589
2578,2589
2581,2589
2586,2589
2585,2589
2587,2589
2576,2589
2562,2589
2536,2589
2576,2589
2575,2589
2577,2589
2582,2589
2578,2589
2575,2589
2590,2589
2496,2589
2579,2589
2549,2589
2571,2589
2569,2589
2584,2589
2495,2589
2580,2589
2576,2589
2508,2589
2591,2589
2543,2589
2517,2589
2589,2589
2574,2589
2582,2589
2576,2589
2580,2589
2569,2589
2577,2589
2566,2589
2498,2589
2593,2589
2589,2589
2572,2589
2479,2589
2575,2589
2583,2589
2586,2589
2577,2589
2581,2589
2543,2589
2579,2589
2512,2589
2579,2589
2536,2589
2550,2589
2501,2589
2592,2589
2585,2589
2552,2589
2510,2589
2576,2589
2581,2589
2575,2589
2509,2589
2511,2589
2574,2589
2578,2589
2564,2589
2560,2589
2589,2589
2534,2589
2538,2589
2575,2589
2524,2589
2568,2589
2510,2589
2581,2589
2574,2589
2560,2589
2589,2589
2585,2589
2560,2589
2580,2589
2483,2589
2576,2589
2531,2589
2575,2589
2578,2589
2575,2589
2452,2589
2575,2589
2570,2589
2546,2589
2543,2589
2584,2589
2575,2589
2575,2589
2543,2589
2582,2589
2577,2589
2581,2589
2447,2589
2570,2589
2586,2589
2541,2589
2578,2589
2583,2589
2582,2589
2510,2589
2569,2589
2577,2589
2577,2589
2581,2589
2575,2589
2577,2589
2463,2589
2561,2589
2589,2589
2479,2589
2582,2589
2568,2589
2494,2589
2521,2589
2474,2589
2531,2589
2580,2589
2576,2589
2579,2589
2511,2589
2510,2589
2586,2589
2575,2589
2560,2589
2577,2589
2494,2589
2578,2589
2576,2589
2575,2589
2562,2589
2495,2589
2574,2589
2589,2589
2577,2589
2579,2589
2572,2589
2591,2589
2547,2589
2577,2589
2566,2589
2577,2589
2575,2589
2581,2589
2479,2589
2486,2589
2541,2589
2578,2589
2593,2589
2550,2589
2587,2589
2577,2589
2576,2589
2578,2589
2492,2589
2561,2589
2506,2589
2578,2589
2545,2589
2445,2589
2586,2589
2584,2589
2538,2589
2584,2589
2575,2589
2577,2589
2578,2589
2572,2589
2575,2589
2578,2589
2576,2589
2575,2589
2575,2589
2580,2589
2589,2589
2587,2589
2576,2589
2578,2589
2585,2589
2575,2589
2568,2589
2527,2589
2577,2589
2488,2589
2581,2589
2473,2589
2578,2589
2502,2589
2527,2589
2586,2589
2498,2589
2536,2589
2578,2589
2578,2589
2548,2589
2512,2589
2459,2589
2590,2589
2544,2589
2590,2589
2520,2589
2577,2589
2576,2589
2525,2589
2491,2589
2492,2589
2486,2589
2590,2589
2570,2589
2532,2589
2532,2589
2588,2589
2572,2589
2549,2589
2579,2589
2576,2589
2576,2589
2575,2589
2564,2589
2543,2589
2575,2589
2578,2589
2585,2589
2576,2589
2594,2589
2575,2589
2490,2589
2579,2589
2578,2589
2582,2589
2560,2589
2577,2589
2575,2589
2575,2589
2582,2589
2585,2589
2589,2589
2543,2589
2568,2589
2520,2589
2498,2589
2578,2589
2584,2589
2575,2589
2575,2589
2548,2589
2479,2589
2573,2589
2588,2589
2590,2589
2494,2589
2585,2589
2575,2589
2577,2589
2544,2589
2577,2589
2573,2589
2447,2589
2573,2589
2573,2589
2587,2589
2521,2589
2530,2589
2580,2589
2545,2589
2497,2589
2495,2589
2580,2589
2476,2589
2480,2589
2582,2589
2586,2589
2495,2589
2518,2589
2514,2589
2575,2589
2493,2589
2544,2589
2577,2589
2575,2589
2576,2589
2500,2589
2578,2589
2591,2589
2582,2589
2581,2589
2576,2589
2582,2589
2574,2589
2576,2589
2580,2589
2575,2589
2577,2589
2492,2589
2462,2589
2479,2589
2501,2589
2580,2589
2577,2589
2584,2589
2526,2589
2575,2589
2577,2589
2577,2589
2479,2589
2513,2589
2594,2589
2565,2589
2580,2589
2538,2589
2512,2589
2584,2589
2570,2589
2580,2589
2569,2589
2578,2589
2500,2589
2480,2589
2589,2589
2589,2589
2593,2589
2560,2589
2565,2589
2540,2589
2575,2589
2495,2589
2582,2589
2576,2589
2584,2589
2549,2589
2575,2589
2468,2589
2584,2589
2583,2589
2571,2589
2573,2589
2569,2589
2575,2589
2574,2589
2580,2589
2568,2589
2537,2589
2584,2589
2591,2589
2590,2589
2584,2589
2577,2589
2580,2589
2580,2589
2576,2589
2578,2589
2575,2589
2575,2589
2526,2589
2474,2589
2586,2589
2541,2589
2540,2589
2577,2589
2592,2589
2579,2589
2560,2589
2573,2589
2575,2589
2484,2589
2576,2589
2439,2589
2524,2589
2584,2589
2577,2589
2582,2589
2561,2589
2496,2589
2575,2589
2560,2589
2582,2589
2576,2589
2577,2589
2577,2589
2575,2589
2505,2589
2575,2589
2566,2589
2596,2589
2522,2589
2575,2589
2543,2589
2570,2589
2574,2589
2544,2589
2575,2589
2575,2589
2564,2589
2443,2589
2585,2589
2584,2589
2580,2589
2495,2589
2543,2589
2587,2589
2581,2589
2576,2589
2577,2589
2578,2589
2577,2589
2575,2589
2575,2589
2514,2589
2588,2589
2577,2589
2585,2589
2560,2589
2566,2589
2580,2589
2587,2589
2574,2589
2584,2589
2570,2589
2568,2589
2543,2589
2575,2589
2562,2589
2445,2589
2600,2589
2580,2589
2560,2589
2514,2589
2580,2589
2575,2589
2560,2589
2574,2589
2576,2589
2576,2589
2577,2589
2480,2589
2591,2589
2576,2589
2581,2589
2513,2589
2494,2589
2528,2589
2575,2589
2580,2589
2575,2589
2525,2589
2541,2589
2594,2589
2581,2589
2537,2589
2533,2589
2513,2589
2495,2589
2573,2589
2577,2589
2560,2589
2574,2589
2572,2589
2576,2589
2575,2589
2593,2589
2573,2589
2511,2589
2509,2589
2560,2589
2574,2589
2560,2589
2575,2589
2544,2589
2575,2589
2562,2589
2578,2589
2530,2589
2509,2589
2543,2589
2497,2589
2581,2589
2495,2589
2575,2589
2568,2589
2482,2589
2570,2589
2504,2589
2575,2589
2458,2589
2590,2589
2594,2589
2584,2589
2575,2589
2575,2589
2575,2589
2584,2589
2577,2589
2576,2589
2576,2589
2456,2589
2518,2589
2597,2589
2520,2589
2582,2589
2575,2589
2588,2589
2572,2589
2575,2589
2581,2589
2578,2589
2578,2589
2576,2589
2575,2589
2576,2589
2500,2589
2588,2589
2482,2589
2584,2589
2542,2589
2537,2589
2510,2589
2512,2589
2521,2589
2528,2589
2579,2589
2576,2589
2578,2589
2521,2589
2468,2589
2588,2589
2580,2589
2588,2589
2581,2589
2578,2589
2576,2589
2575,2589
2560,2589
2550,2589
2567,2589
2552,2589
2584,2589
2475,2589
2543,2589
2482,2589
2578,2589
2575,2589
2584,2589
2581,2589
2578,2589
2575,2589
2578,2589
2468,2589
2512,2589
2589,2589
2587,2589
2575,2589
2580,2589
2560,2589
2562,2589
2543,2589
2575,2589
2570,2589
2575,2589
2500,2589
2463,2589
2590,2589
2589,2589
2589,2589
2560,2589
2577,2589
2495,2589
2580,2589
2527,2589
2570,2589
2568,2589
2590,2589
2575,2589
2586,2589
2485,2589
2585,2589
2585,2589
2577,2589
2580,2589
2578,2589
2580,2589
2574,2589
2566,2589
2581,2589
2584,2589
2513,2589
2593,2589
2576,2589
2524,2589
2560,2589
2589,2589
2543,2589
2623,2589
2620,2589
2529,2589
2483,2589
2628,2589
2635,2589
2639,2589
2621,2589
2536,2589
2538,2589
2690,2589
2640,2589
2696,2589
2684,2589
2674,2589
2692,2589
2671,2589
2707,2589
2597,2589
2708,2589
2789,2589
2795,2589
2789,2589
2782,2589
2786,2589
2784,2589
2767,2589
2752,2589
2768,2589
2807,2589
2814,2589
2821,2589
2833,2589
2828,2589
2824,2589
2748,2589
2819,2589
2793,2589
2772,2589
2803,2589
2738,2589
2817,2589
2819,2589
2807,2589
2834,2589
2741,2589
2822,2589
2761,2589
2817,2589
2816,2589
2792,2589
2818,2589
2767,2589
2824,2589
2793,2589
2703,2589
2831,2589
2794,2589
2812,2589
2821,2589
2828,2589
2744,2589
2788,2589
2798,2589
2819,2589
2812,2589
2815,2589
2764,2589
2831,2589
2820,2589
2821,2589
2816,2589
2748,2589
2824,2589
2820,2589
2804,2589
2816,2589
2816,2589
2820,2589
2720,2589
2819,2589
2713,2589
2738,2589
2825,2589
2825,2589
2824,2589
2818,2589
2816,2589
2805,2589
2815,2589
2863,2589
2815,2589
2868,2589
2831,2589
2806,2589
2814,2589
2821,2589
2880,2589
2881,2589
2844,2589
2900,2589
2874,2589
2906,2589
2850,2589
2909,2589
2852,2589
2842,2589
2918,2589
2906,2589
2910,2589
2910,2589
2858,2589
2929,2589
2934,2589
2882,2589
2895,2589
2941,2589
2820,2589
2956,2589
2938,2589
2988,2589
2984,2589
2959,2589
2981,2589
2964,2589
2980,2589
2980,2589
2986,2589
2897,2589
2978,2589
2991,2589
3037,2589
2976,2589
3052,2589
3022,2589
3040,2589
2991,2589
3013,2589
3040,2589
3021,2589
3086,2589
3087,2589
3087,2589
3044,2589
3055,2589
3033,2589
2994,2589
3113,2589
3055,2589
3091,2589
3146,2589
3150,2589
3096,2589
3141,2589
3098,2589
3144,2589
3131,2589
3132,2589
3023,2589
3092,2589
3119,2589
3149,2589
3113,2589
3165,2589
3152,2589
3154,2589
3158,2589
3151,2589
3122,2589
3151,2589
3158,2589
3102,2589
3160,2589
3167,2589
3102,2589
3136,2589
3090,2589
3182,2589
3112,2589
3088,2589
3164,2589
3165,2589
3163,2589
3169,2589
3160,2589
3172,2589
3138,2589
3182,2589
3167,2589
3173,2589
3150,2589
3141,2589
3120,2589
3129,2589
3118,2589
3110,2589
3114,2589
3064,2589
3065,2589
3119,2589
2992,2589
2959,2589
2885,2589
3014,2589
3016,2589
3020,2589
2992,2589
2996,2589
2982,2589
2990,2589
2889,2589
2910,2589
2906,2589
2898,2589
2840,2589
2782,2589
2910,2589
2886,2589
2873,2589
2790,2589
2818,2589
2793,2589
2730,2589
2804,2589
2799,2589
2782,2589
2665,2589
2705,2589
2736,2589
2785,2589
2632,2589
2676,2589
2635,2589
2713,2589
2713,2589
2708,2589
2703,2589
2666,2589
2703,2589
2716,2589
2707,2589
2661,2589
2712,2589
2623,2589
2721,2589
2704,2589
2708,2589
2697,2589
2690,2589
2690,2589
2657,2589
2671,2589
2672,2589
2639,2589
2671,2589
2679,2589
2607,2589
2673,2589
2602,2589
2585,2589
2577,2589
2565,2589
2575,2589
2608,2589
2618,2589
2594,2589
2568,2589
2540,2589
2570,2589
2626,2589
2592,2589
2598,2589
2604,2589
2592,2589
2600,2589
2590,2589
2582,2589
2507,2589
2522,2589
2607,2589
2566,2589
2456,2589
2596,2589
2602,2589
2585,2589
2590,2589
2586,2589
2590,2589
2510,2589
2589,2589
2572,2589
2579,2589
2530,2589
2575,2589
2485,2589
2578,2589
2574,2589
2580,2589
2495,2589
2594,2589
2488,2589
2530,2589
2580,2589
2581,2589
2564,2589
2575,2589
2575,2589
2575,2589
2507,2589
2575,2589
2588,2589
2579,2589
2594,2589
2581,2589
2588,2589
2580,2589
2577,2589
2576,2589
2576,2589
2572,2589
2576,2589
2511,2589
2575,2589
2542,2589
2533,2589
2584,2589
2576,2589
2588,2589
2580,2589
2582,2589
2576,2589
2575,2589
2575,2589
2563,2589
2533,2589
2577,2589
2513,2589
2473,2589
2575,2589
2581,2589
2576,2589
2575,2589
2566,2589
2576,2589
2572,2589
2560,2589
2492,2589
2576,2589
2578,2589
2575,2589
2530,2589
2532,2589
2580,2589
2575,2589
2561,2589
2589,2589
2580,2589
2543,2589
2576,2589
2580,2589
2575,2589
2575,2589
2575,2589
2575,2589
2560,2589
2478,2589
2526,2589
2571,2589
2584,2589
2570,2589
2577,2589
2513,2589
2560,2589
2514,2589
2486,2589
2575,2589
2576,2589
2573,2589
2560,2589
2590,2589
2580,2589
2485,2589
2575,2589
2510,2589
2576,2589
2578,2589
2516,2589
2573,2589
2572,2589
2568,2589
2511,2589
2509,2589
2481,2589
2518,2589
2456,2589
2586,2589
2590,2589
2585,2589
2577,2589
2494,2589
2572,2589
2517,2589
2575,2589
2575,2589
2528,2589
2574,2589
2576,2589
2574,2589
2447,2589
2590,2589
2588,2589
2582,2589
2584,2589
2576,2589
2536,2589
2512,2589
2575,2589
2575,2589
2574,2589
2578,2589
2584,2589
2589,2589
2502,2589
2578,2589
2572,2589
2563,2589
2578,2589
2564,2589
2573,2589
2582,2589
2546,2589
2576,2589
2548,2589
2495,2589
2584,2589
2584,2589
2560,2589
2588,2589
2584,2589
2573,2589
2562,2589
2569,2589
2592,2589
2572,2589
2563,2589
2580,2589
2506,2589
2575,2589
2574,2589
2444,2589
2587,2589
2522,2589
2586,2589
2584,2589
2580,2589
2577,2589
2575,2589
2578,2589
2575,2589
2577,2589
2575,2589
2577,2589
2560,2589
2594,2589
2506,2589
2576,2589
2511,2589
2540,2589
2561,2589
2543,2589
2511,2589
2492,2589
2576,2589
2483,2589
2588,2589
2582,2589
2527,2589
2575,2589
2576,2589
2575,2589
2543,2589
2571,2589
2562,2589
2577,2589
2570,2589
2590,2589
