2528,2552
2581,2555
2578,2556
2578,2563
2495,2554
2578,2553
2490,2550
2446,2545
2543,2542
2577,2543
2472,2533
2504,2531
2606,2533
2594,2534
2590,2535
2524,2538
2576,2538
2560,2544
2588,2557
2487,2552
2536,2548
2512,2552
2543,2556
2496,2546
2584,2545
2497,2536
2578,2541
2580,2541
2575,2543
2574,2542
2463,2539
2479,2534
2479,2531
2485,2526
2597,2535
2592,2536
2590,2544
2592,2546
2580,2546
2516,2540
2580,2541
2501,2544
2508,2547
2564,2555
2560,2561
2584,2560
2579,2559
2577,2558
2560,2555
2584,2555
2578,2561
2484,2552
2461,2549
2591,2556
2585,2558
2473,2550
2592,2551
2560,2549
2568,2548
2494,2542
2508,2535
2575,2535
2583,2544
2536,2551
2563,2548
2589,2549
2488,2550
2545,2546
2575,2547
2578,2548
2582,2556
2578,2562
2576,2563
2560,2560
2495,2557
2585,2559
2584,2558
2552,2564
2594,2569
2594,2570
2548,2568
2586,2568
2581,2568
2580,2569
2587,2571
2569,2578
2585,2578
2581,2577
2582,2580
2580,2579
2562,2576
2514,2573
2495,2565
2575,2564
2568,2563
2578,2562
2513,2557
2466,2546
2476,2537
2594,2538
2586,2538
2584,2540
2485,2538
2498,2538
2570,2538
2576,2538
2512,2532
2564,2537
2501,2540
2483,2541
2585,2540
2481,2530
2575,2530
2533,2534
2581,2541
2580,2542
2582,2543
2560,2547
2545,2546
2468,2543
2588,2552
2595,2553
2490,2554
2591,2555
2586,2560
2506,2553
2575,2553
2575,2552
2584,2554
2584,2558
2607,2571
2575,2569
2578,2568
2572,2575
2584,2575
2575,2574
2582,2581
2573,2580
2526,2576
2579,2575
2575,2575
2575,2572
2575,2572
2485,2563
2579,2564
2560,2562
2592,2563
2586,2564
2511,2558
2601,2565
2594,2566
2587,2567
2511,2561
2586,2562
2588,2572
2580,2572
2588,2574
2579,2573
2576,2572
2569,2578
2573,2575
2562,2572
2579,2571
2561,2576
2575,2575
2575,2574
2513,2568
2464,2556
2596,2558
2441,2546
2581,2547
2479,2538
2576,2540
2594,2541
2578,2542
2570,2542
2537,2539
2588,2545
2586,2556
2575,2555
2484,2558
2575,2558
2574,2567
2588,2568
2577,2566
2581,2566
2578,2567
2494,2563
2571,2562
2473,2551
2600,2554
2513,2556
2563,2555
2596,2557
2601,2558
2591,2560
2589,2560
2578,2560
2586,2569
2577,2569
2544,2576
2576,2574
2581,2580
2575,2581
2578,2579
2575,2577
2573,2575
2575,2574
2569,2573
2580,2573
2575,2572
2582,2576
2597,2578
2569,2577
2591,2578
2594,2580
2588,2581
2527,2577
2539,2573
2549,2571
2565,2570
2520,2565
2578,2565
2563,2562
2524,2558
2539,2553
2584,2552
2574,2551
2571,2555
2572,2558
2508,2554
2580,2555
2572,2560
2584,2561
2578,2562
2576,2567
2543,2567
2497,2559
2549,2557
2507,2551
2573,2551
2575,2557
2496,2550
2570,2549
2586,2550
2596,2551
2569,2551
2516,2548
2537,2552
2497,2547
2588,2554
2521,2550
2582,2550
2561,2556
2549,2554
2570,2553
2576,2551
2573,2551
2490,2549
2576,2553
2573,2559
2570,2558
2586,2564
2577,2563
2577,2565
2511,2561
2548,2559
2579,2560
2590,2561
2504,2562
2500,2555
2527,2551
2527,2547
2578,2547
2584,2547
2578,2547
2580,2554
2574,2556
2560,2554
2512,2547
2511,2548
2579,2555
2572,2559
2564,2562
2585,2563
2579,2563
2584,2563
2570,2562
2582,2563
2462,2554
2575,2560
2560,2564
2520,2559
2520,2554
2591,2557
2523,2551
2527,2546
2582,2546
2511,2541
2572,2540
2578,2550
2595,2552
2575,2554
2495,2551
2504,2550
2508,2542
2560,2546
2581,2551
2581,2550
2510,2550
2575,2551
2575,2550
2575,2549
2577,2549
2576,2556
2575,2563
2469,2559
2456,2550
2494,2542
2590,2542
2502,2542
2516,2536
2584,2537
2589,2538
2476,2529
2592,2531
2592,2532
2581,2542
2520,2548
2510,2550
2584,2549
2583,2557
2582,2563
2484,2553
2578,2552
2578,2562
2576,2560
2570,2558
2578,2558
2582,2564
2543,2567
2541,2563
2469,2552
2511,2546
2576,2554
2575,2554
2454,2543
2500,2536
2457,2526
2594,2527
2543,2523
2595,2528
2590,2533
2592,2544
2588,2551
2585,2552
2584,2552
2569,2563
2575,2570
2571,2580
2566,2578
2513,2575
2560,2572
2581,2571
2493,2562
2511,2555
2495,2547
2580,2546
2577,2547
2517,2542
2575,2542
2577,2543
2575,2549
2576,2550
2537,2546
2565,2553
2560,2557
2589,2566
2589,2567
2580,2567
2567,2571
2569,2571
2511,2565
2582,2565
2575,2565
2480,2560
2500,2554
2545,2553
2575,2552
2575,2550
2488,2542
2570,2542
2575,2543
2568,2548
2469,2538
2465,2528
2591,2538
2574,2545
2494,2540
2585,2541
2601,2543
2510,2545
2591,2547
2581,2548
2582,2549
2583,2559
2577,2569
2566,2567
2575,2567
2541,2572
2585,2572
2497,2562
2582,2569
2581,2568
2579,2568
2575,2567
2574,2566
2577,2566
2536,2563
2576,2563
2468,2557
2520,2551
2586,2559
2591,2560
2537,2556
2581,2556
2587,2557
2584,2558
2571,2557
2490,2553
2544,2550
2546,2557
2578,2563
2547,2559
2498,2551
2577,2554
2574,2554
2574,2553
2577,2552
2575,2552
2578,2560
2580,2564
2475,2557
2570,2556
2580,2559
2592,2568
2575,2568
2501,2561
2587,2562
2575,2562
2572,2562
2585,2562
2592,2564
2581,2573
2560,2572
2590,2573
2582,2572
2581,2573
2575,2580
2552,2576
2479,2568
2572,2568
2539,2563
2576,2562
2586,2562
2575,2564
2493,2555
2578,2555
2575,2554
2577,2554
2577,2557
2576,2565
2573,2565
2575,2569
2465,2559
2478,2549
2500,2542
2586,2550
2500,2543
2589,2545
2588,2546
2579,2546
2491,2538
2588,2539
2571,2539
2584,2550
2521,2554
2579,2561
2584,2561
2488,2560
2482,2550
2524,2544
2560,2542
2546,2547
2575,2546
2543,2544
2545,2540
2560,2544
2538,2540
2488,2531
2576,2539
2441,2536
2588,2541
2572,2542
2547,2543
2577,2543
2573,2545
2578,2548
2444,2538
2591,2543
2593,2552
2521,2547
2526,2555
2523,2549
2580,2550
2581,2553
2563,2552
2575,2552
2518,2546
2498,2551
2580,2550
2549,2546
2576,2551
2576,2556
2528,2556
2565,2555
2575,2554
2575,2555
2533,2552
2479,2548
2577,2555
2588,2556
2577,2559
2596,2560
2590,2562
2546,2563
2588,2565
2543,2562
2574,2562
2592,2568
2585,2577
2588,2578
2575,2577
2585,2578
2511,2570
2479,2560
2492,2555
2575,2554
2560,2556
2580,2556
2575,2555
2581,2554
2575,2553
2593,2555
2446,2542
2597,2550
2592,2560
2589,2569
2586,2570
2560,2570
2492,2562
2577,2562
2482,2553
2582,2554
2489,2544
2577,2556
2578,2554
2580,2553
2584,2553
2566,2551
2560,2551
2574,2559
2576,2558
2539,2564
2569,2562
2548,2568
2588,2569
2592,2570
2486,2562
2562,2560
2588,2562
2585,2564
2584,2565
2585,2566
2579,2569
2543,2567
2538,2566
2579,2565
2575,2564
2542,2569
2564,2569
2577,2568
2580,2567
2575,2567
2576,2566
2572,2565
2584,2569
2576,2572
2575,2572
2578,2572
2526,2571
2560,2570
2586,2571
2586,2572
2534,2568
2495,2561
2575,2561
2589,2561
2575,2561
2489,2553
2584,2554
2585,2559
2590,2562
2562,2560
2560,2558
2520,2556
2546,2561
2545,2558
2573,2557
2575,2557
2575,2565
2502,2557
2575,2556
2585,2556
2591,2558
2480,2551
2595,2558
2592,2562
2596,2567
2589,2568
2593,2570
2590,2571
2576,2578
2576,2578
2539,2574
2575,2572
2580,2581
2580,2580
2577,2579
2479,2568
2530,2563
2553,2559
2577,2558
2578,2558
2497,2551
2574,2554
2572,2554
2482,2545
2580,2545
2575,2545
2575,2553
2575,2558
2578,2560
2577,2560
2505,2553
2479,2552
2447,2540
2589,2542
2540,2547
2594,2548
2574,2548
2560,2547
2574,2547
2568,2546
2581,2546
2585,2553
2578,2562
2584,2575
2563,2572
2577,2576
2546,2571
2575,2571
2572,2573
2565,2572
2575,2572
2576,2572
2516,2566
2537,2562
2488,2553
2575,2554
2573,2554
2516,2551
2437,2539
2584,2540
2505,2534
2596,2536
2580,2537
2473,2533
2578,2536
2593,2546
2584,2547
2589,2548
2580,2554
2560,2565
2489,2557
2481,2554
2523,2548
2531,2543
2582,2553
2488,2545
2565,2542
2528,2537
2536,2533
2582,2533
2548,2532
2577,2540
2578,2548
2440,2541
2568,2544
2585,2545
2596,2554
2578,2556
2574,2560
2587,2564
2578,2564
2546,2564
2578,2564
2582,2564
2573,2576
2568,2576
2489,2568
2562,2565
2576,2564
2576,2565
2576,2564
2568,2563
2484,2557
2561,2555
2550,2553
2511,2547
2575,2548
2481,2547
2522,2543
2591,2545
2588,2546
2588,2547
2580,2548
2580,2557
2552,2556
2562,2557
2481,2554
2479,2545
2584,2555
2580,2560
2580,2559
2575,2558
2544,2554
2575,2553
2530,2549
2560,2550
2570,2550
2476,2550
2484,2550
2503,2543
2591,2544
2485,2535
2514,2530
2586,2534
2589,2535
2524,2534
2586,2537
2578,2537
2578,2547
2580,2555
2521,2557
2582,2556
2571,2564
2568,2569
2576,2568
2578,2567
2482,2563
2575,2562
2575,2562
2453,2551
2585,2551
2593,2558
2552,2555
2528,2551
2486,2543
2516,2538
2584,2539
2586,2548
2584,2549
2581,2549
2514,2555
2580,2554
2543,2550
2580,2552
2577,2557
2575,2565
2572,2570
2580,2570
2536,2565
2575,2564
2492,2556
2580,2562
2580,2562
2576,2565
2520,2560
2580,2560
2577,2560
2575,2561
2456,2549
2582,2553
2581,2554
2570,2561
2585,2562
2582,2562
2594,2563
2593,2570
2520,2565
2561,2563
2518,2558
2552,2567
2494,2559
2486,2550
2533,2547
2579,2546
2490,2538
2571,2536
2540,2531
2575,2536
2543,2534
2575,2539
2575,2541
2575,2549
2538,2554
2572,2557
2577,2557
2565,2564
2543,2561
2486,2556
2564,2555
2570,2558
2580,2558
2511,2552
2561,2551
2508,2548
2590,2550
2574,2550
2586,2552
2575,2555
2582,2563
2580,2565
2498,2558
2501,2551
2577,2557
2497,2551
2575,2557
2581,2556
2576,2557
2578,2556
2577,2556
2577,2556
2576,2555
2584,2563
2442,2558
2460,2547
2520,2549
2598,2551
2593,2552
2586,2553
2493,2546
2585,2546
2495,2539
2492,2531
2550,2528
2565,2539
2494,2542
2564,2546
2580,2545
2578,2543
2575,2542
2575,2550
2581,2549
2576,2557
2578,2565
2537,2563
2506,2558
2457,2555
2575,2556
2526,2551
2533,2547
2568,2546
2514,2541
2588,2541
2480,2532
2479,2523
2506,2521
2493,2519
2584,2531
2585,2532
2580,2537
2575,2541
2575,2541
2513,2541
2539,2537
2580,2546
2564,2554
2580,2560
2521,2563
2575,2562
2560,2560
2511,2553
2584,2554
2592,2556
2592,2563
2549,2564
2542,2560
2575,2561
2524,2556
2540,2558
2582,2559
2581,2561
2581,2567
2576,2566
2560,2563
2511,2556
2572,2558
2562,2560
2480,2551
2546,2553
2574,2556
2570,2555
2539,2551
2568,2550
2541,2547
2579,2549
2582,2555
2438,2543
2592,2546
2597,2556
2591,2561
2483,2552
2562,2552
2569,2554
2560,2554
2479,2548
2589,2549
2584,2549
2529,2557
2480,2547
2581,2546
2560,2543
2572,2551
2522,2547
2576,2548
2580,2550
2562,2557
2580,2556
2575,2556
2516,2554
2544,2560
2511,2554
2560,2554
2436,2542
2586,2547
2586,2548
2511,2542
2578,2543
2587,2544
2562,2543
2493,2541
2526,2539
2564,2544
2493,2538
2586,2552
2580,2551
2563,2549
2588,2556
2584,2556
2579,2556
2490,2549
2569,2556
2565,2560
2575,2561
2575,2568
2543,2564
2495,2556
2469,2548
2447,2535
2591,2536
2585,2536
2570,2544
2578,2544
2582,2546
2543,2543
2586,2544
2577,2547
2488,2546
2576,2556
2564,2567
2576,2565
2479,2556
2510,2550
2511,2544
2576,2544
2444,2535
2584,2535
2442,2522
2505,2524
2473,2514
2589,2517
2589,2518
2548,2524
2592,2532
2581,2538
2588,2539
2584,2552
2582,2552
2584,2565
2578,2571
2549,2578
2581,2577
2585,2577
2511,2574
2524,2567
2576,2567
2576,2566
2580,2566
2441,2553
2587,2553
2543,2550
2521,2547
2589,2548
2581,2548
2496,2546
2586,2552
2584,2553
2530,2548
2580,2548
2519,2556
2578,2555
2575,2558
2525,2558
2536,2553
2584,2553
2572,2560
2584,2560
2572,2559
2582,2564
2500,2557
2580,2562
2576,2562
2562,2561
2578,2566
2520,2564
2575,2563
2566,2563
2578,2562
2585,2563
2575,2563
2585,2570
2580,2570
2510,2564
2595,2567
2490,2559
2587,2566
2577,2566
2584,2567
2498,2560
2527,2555
2521,2550
2560,2548
2582,2548
2576,2554
2584,2553
2578,2561
2577,2560
2543,2557
2526,2552
2508,2552
2540,2554
2508,2552
2473,2545
2459,2533
2566,2532
2548,2529
2575,2529
2575,2529
2572,2531
2580,2536
2590,2544
2582,2548
2575,2554
2582,2564
2584,2575
2578,2576
2581,2579
2581,2580
2578,2580
2575,2580
2560,2578
2579,2577
2577,2577
2560,2575
2533,2571
2560,2569
2546,2566
2547,2563
2490,2555
2586,2555
2591,2557
2585,2559
2570,2558
2591,2559
2581,2561
2578,2565
2581,2567
2584,2571
2575,2573
2580,2582
2584,2581
2575,2580
2536,2575
2578,2576
2560,2573
2546,2570
2577,2570
2575,2570
2560,2567
2474,2558
2586,2559
2579,2558
2506,2552
2590,2557
2480,2548
2596,2551
2591,2555
2560,2554
2491,2546
2505,2541
2564,2549
2521,2543
2578,2543
2577,2550
2580,2549
2581,2558
2580,2557
2546,2553
2533,2550
2578,2558
2580,2565
2506,2560
2575,2564
2569,2564
2436,2551
2592,2552
2440,2539
2597,2541
2578,2544
2594,2549
2532,2545
2578,2545
2575,2551
2544,2548
2538,2545
2583,2559
2522,2552
2484,2556
2578,2555
2575,2554
2573,2552
2584,2557
2577,2557
2580,2558
2575,2560
2581,2564
2494,2556
2449,2550
2573,2558
2576,2557
2511,2552
2576,2552
2447,2539
2589,2541
2560,2539
2545,2536
2552,2533
2563,2540
2579,2551
2584,2552
2560,2551
2504,2550
2493,2543
2530,2550
2582,2550
2568,2550
2546,2551
2575,2553
2542,2551
2576,2550
2444,2538
2565,2538
2495,2537
2469,2535
2604,2542
2594,2543
2500,2537
2595,2541
2582,2542
2584,2546
2527,2541
2545,2550
2516,2546
2576,2553
2589,2564
2509,2556
2580,2554
2575,2561
2564,2558
2578,2558
2581,2558
2524,2557
2468,2550
2511,2550
2442,2538
2498,2530
2501,2529
2516,2523
2589,2524
2575,2525
2561,2524
2577,2523
2560,2527
2501,2530
2548,2533
2570,2545
2511,2546
2577,2553
2575,2558
2537,2553
2576,2553
2575,2555
2568,2554
2500,2548
2584,2556
2481,2550
2459,2540
2597,2548
2590,2549
2585,2550
2576,2553
2582,2554
2542,2551
2576,2552
2576,2558
