2542,2571
2577,2569
2506,2541
2589,2557
2589,2561
2495,2557
2565,2549
2447,2502
2576,2529
2591,2538
2607,2591
2604,2600
2494,2568
2600,2566
2589,2561
2594,2594
2602,2595
2548,2581
2596,2582
2507,2550
2590,2564
2524,2540
2524,2546
2576,2541
2573,2557
2584,2577
2587,2581
2584,2585
2576,2582
2586,2582
2565,2575
2585,2578
2606,2585
2607,2599
2501,2571
2450,2519
2607,2519
2462,2506
2584,2551
2602,2549
2593,2593
2469,2554
2561,2541
2526,2518
2448,2511
2582,2518
2575,2535
2584,2580
2586,2581
2590,2586
2582,2586
2581,2584
2580,2581
2592,2584
2460,2544
2498,2516
2584,2514
2589,2557
2477,2550
2475,2513
2467,2473
2584,2508
2587,2546
2581,2584
2473,2547
2579,2544
2575,2542
2575,2576
2584,2578
2459,2539
2515,2519
2488,2487
2575,2526
2589,2550
2456,2540
2607,2550
2444,2502
2478,2509
2496,2472
2588,2520
2592,2558
2590,2590
2506,2562
2544,2546
2481,2510
2497,2507
2574,2517
2517,2529
2591,2560
2457,2521
2490,2512
2606,2517
2592,2562
2591,2596
2560,2581
2575,2575
2495,2543
2604,2558
2589,2562
2569,2587
2550,2569
2588,2569
2585,2574
2579,2584
2591,2585
2594,2588
2584,2589
2571,2583
2577,2577
2594,2580
2600,2590
2570,2588
2597,2589
2607,2591
2584,2596
2590,2593
2581,2585
2601,2590
2588,2590
2438,2542
2472,2499
2545,2485
2588,2535
2582,2571
2543,2571
2584,2569
2580,2569
2580,2581
2578,2579
2575,2577
2576,2576
2587,2579
2586,2583
2487,2553
2574,2549
2597,2552
2516,2562
2520,2544
2562,2532
2581,2554
2575,2572
2581,2579
2549,2568
2562,2564
2593,2568
2562,2572
2484,2546
2592,2546
2585,2553
2560,2579
2456,2533
2590,2535
2511,2519
2575,2558
2458,2514
2543,2525
2584,2528
2582,2569
2530,2565
2566,2559
2528,2541
2586,2560
2588,2567
2462,2545
2572,2540
2594,2542
2604,2590
2569,2589
2601,2591
2584,2584
2527,2570
2608,2573
2602,2579
2507,2572
2607,2572
2607,2573
2591,2601
2573,2590
2588,2584
2597,2586
2574,2586
2597,2589
2494,2555
2474,2521
2593,2520
2592,2553
2588,2591
2526,2568
2441,2518
2467,2478
2582,2496
2596,2548
2436,2538
2473,2501
2582,2497
2458,2504
2584,2541
2519,2520
2578,2560
2581,2559
2569,2576
2580,2576
2584,2577
2581,2581
2572,2579
2543,2565
2543,2552
2610,2565
2585,2579
2607,2600
2590,2594
2590,2595
2575,2585
2518,2561
2452,2515
2582,2517
2575,2536
2533,2563
2591,2566
2488,2537
2592,2557
2574,2551
2572,2579
2520,2555
2577,2556
2586,2561
2584,2582
2543,2571
2584,2570
2566,2564
2575,2575
2588,2576
2565,2576
2594,2582
2436,2531
2572,2534
2575,2527
2591,2579
2544,2570
2531,2555
2582,2552
2578,2563
2543,2567
2511,2544
2560,2538
2495,2522
2501,2518
2489,2495
2590,2526
2593,2557
2569,2584
2460,2540
2586,2538
2581,2542
2594,2587
2575,2583
2599,2589
2524,2566
2586,2569
2532,2547
2584,2567
2590,2568
2582,2585
2590,2587
2576,2582
2594,2586
2549,2573
2592,2578
2511,2550
2460,2521
2446,2472
2573,2493
2588,2535
2584,2581
2579,2583
2587,2583
2581,2582
2577,2581
2586,2581
2495,2552
2595,2558
2560,2550
2585,2580
2572,2572
2580,2579
2569,2573
2526,2558
2490,2528
2462,2492
2607,2519
2575,2548
2589,2590
2586,2583
2524,2566
2597,2569
2607,2576
2587,2597
2560,2584
2550,2565
2577,2562
2582,2569
2564,2574
2560,2568
2481,2535
2575,2538
2584,2546
2584,2581
2575,2581
2484,2547
2575,2544
2563,2540
2580,2572
2560,2567
2568,2569
2602,2576
2524,2564
2495,2540
2590,2536
2591,2558
2596,2592
2590,2592
2505,2563
2590,2561
2543,2546
2456,2529
2581,2526
2588,2541
2571,2580
2584,2581
2578,2577
2530,2564
2584,2564
2472,2528
2579,2545
2578,2543
2601,2586
2489,2556
2561,2550
2600,2550
2607,2589
2607,2604
2607,2607
2608,2607
2434,2549
2461,2501
2575,2490
2563,2533
2504,2547
2587,2551
2586,2559
2447,2540
2479,2504
2586,2504
2594,2553
2583,2587
2495,2557
2486,2521
2480,2487
2582,2516
2600,2554
2440,2540
2569,2536
2448,2485
2445,2487
2494,2462
2588,2509
2484,2522
2479,2517
2562,2508
2560,2533
2552,2558
2596,2569
2575,2574
2590,2587
2560,2575
2588,2579
2584,2577
2465,2545
2571,2540
2564,2533
2577,2570
2596,2579
2452,2541
2474,2507
2589,2505
2529,2530
2442,2520
2594,2521
2582,2539
2575,2583
2533,2563
2584,2564
2592,2569
2586,2587
2596,2591
2490,2557
2586,2557
2591,2555
2581,2586
2469,2547
2572,2540
2564,2535
2589,2575
2576,2576
2594,2586
2538,2569
2564,2565
2582,2561
2581,2575
2560,2574
2575,2572
2565,2566
2545,2561
2594,2568
2511,2550
2431,2512
2588,2510
2597,2538
2450,2545
2493,2513
2592,2511
2415,2500
2567,2524
2589,2523
2569,2575
2574,2577
2584,2575
2600,2586
2592,2592
2588,2593
2590,2590
2507,2561
2604,2567
2566,2559
2579,2583
2575,2573
2437,2530
2492,2501
2575,2501
2583,2550
2588,2582
2543,2571
2578,2569
2575,2565
2584,2579
2575,2578
2596,2585
2494,2555
2544,2544
2582,2540
2596,2574
2536,2571
2561,2564
2592,2563
2592,2581
2495,2559
2583,2556
2537,2538
2593,2571
2581,2570
2543,2572
2591,2571
2575,2569
2586,2584
2576,2579
2568,2576
2592,2578
2581,2580
2496,2556
2468,2515
2594,2519
2528,2530
2536,2552
2570,2544
2604,2570
2595,2589
2598,2599
2597,2596
2511,2568
2587,2565
2447,2515
2588,2540
2513,2516
2589,2563
2488,2530
2572,2549
2583,2547
2589,2581
2577,2583
2589,2585
2577,2581
2501,2555
2543,2540
2575,2539
2548,2555
2579,2567
2525,2550
2528,2544
2520,2524
2455,2501
2589,2521
2533,2525
2476,2532
2566,2525
2593,2545
2593,2584
2582,2589
2524,2566
2595,2567
2576,2565
2600,2590
2511,2562
2577,2562
2575,2554
2586,2579
2597,2586
2578,2587
2587,2587
2592,2585
2575,2584
2575,2580
2590,2580
2583,2582
2582,2585
2600,2588
2597,2593
2492,2563
2513,2534
2519,2508
2479,2503
2565,2521
2592,2545
2604,2587
2601,2599
2571,2592
2479,2550
2575,2541
2579,2544
2569,2574
2575,2574
2566,2570
2607,2582
2589,2587
2580,2592
2588,2585
2598,2588
2594,2593
2515,2569
2594,2567
2607,2572
2613,2604
2588,2602
2607,2602
2596,2597
2511,2571
2566,2557
2585,2554
2579,2576
2448,2537
2580,2535
2581,2536
2588,2583
2506,2558
2581,2558
2586,2557
2591,2586
2520,2565
2594,2568
2447,2520
2431,2490
2575,2484
2588,2531
2578,2580
2524,2563
2578,2560
2582,2561
2575,2578
2584,2580
2592,2583
2576,2584
2479,2549
2575,2543
2601,2551
2519,2565
2540,2553
2492,2517
2603,2545
2565,2553
2604,2590
2581,2583
2578,2587
2573,2577
2581,2577
2544,2566
2521,2548
2495,2520
2432,2482
2561,2496
2495,2496
2571,2542
2541,2535
2594,2568
2470,2535
2575,2546
2589,2544
2584,2582
2601,2591
2586,2590
2470,2552
2580,2545
2596,2548
2572,2582
2586,2584
2464,2540
2584,2544
2596,2548
2594,2591
2537,2575
2594,2575
2589,2573
2567,2583
2584,2580
2461,2537
2547,2530
2579,2529
2572,2566
2594,2581
2575,2580
2578,2582
2607,2586
2589,2591
2575,2590
2457,2540
2576,2536
2541,2524
2586,2567
2542,2556
2570,2566
2591,2567
2571,2577
2586,2582
2496,2551
2567,2549
2575,2546
2452,2531
2577,2534
2583,2537
2590,2583
2590,2587
2552,2577
2493,2545
2582,2542
2575,2550
2565,2574
2565,2568
2527,2552
2589,2560
2499,2538
2511,2533
2505,2505
2575,2530
2530,2536
2596,2567
2513,2546
2589,2566
2575,2559
2540,2568
2472,2529
2602,2538
2607,2560
2494,2567
2594,2565
2509,2532
2420,2507
2582,2503
2591,2531
2594,2589
2592,2592
2564,2583
2532,2562
2578,2558
2589,2566
2477,2548
2596,2554
2584,2552
2586,2588
2589,2586
2583,2586
2494,2555
2494,2523
2575,2521
2453,2507
2575,2534
2542,2523
2540,2552
2466,2516
2584,2530
2588,2546
2532,2568
2580,2566
2592,2568
2576,2582
2510,2559
2591,2559
2594,2565
2568,2584
2600,2587
2569,2579
2580,2583
2578,2575
2594,2584
2584,2585
2591,2589
2580,2585
2562,2577
2588,2576
2585,2578
2580,2584
2590,2585
2476,2548
2580,2548
2583,2546
2574,2579
2597,2584
2580,2583
2513,2563
2479,2524
2499,2497
2581,2519
2575,2551
2511,2555
2596,2560
2510,2539
2489,2531
2591,2530
2580,2553
2584,2585
2560,2574
2575,2573
2585,2573
2527,2562
2568,2560
2581,2558
2513,2554
2583,2559
2459,2518
2582,2541
2587,2542
2577,2582
2447,2537
2579,2534
2457,2494
2415,2483
2424,2432
2470,2436
2560,2484
2586,2538
2581,2575
2512,2559
2537,2543
2591,2546
2584,2570
2589,2588
2516,2563
2597,2567
2586,2566
2588,2590
2577,2583
2520,2561
2560,2552
2583,2554
2571,2571
2589,2581
2563,2574
2580,2577
2585,2576
2545,2570
2585,2571
2594,2574
2598,2592
2561,2584
2596,2585
2575,2577
2604,2591
2585,2588
2508,2565
2594,2562
2576,2559
2596,2588
2580,2584
2482,2552
2580,2547
2576,2546
2590,2582
2545,2570
2590,2575
2465,2533
2588,2547
2588,2547
2570,2582
2543,2567
2468,2527
2600,2537
2577,2548
2580,2585
2607,2588
2598,2595
2597,2600
2603,2599
2604,2601
2601,2602
2538,2581
2584,2574
2577,2566
2588,2583
2582,2582
2574,2581
2488,2548
2589,2550
2592,2556
2452,2544
2550,2531
2502,2501
2473,2508
2601,2525
2605,2559
2513,2573
2607,2575
2607,2575
2602,2605
2604,2604
2607,2604
2584,2598
2570,2587
2583,2579
2594,2582
2578,2585
2587,2586
2599,2588
2584,2590
2589,2590
2550,2574
2590,2576
2590,2576
2584,2588
2478,2550
2609,2557
2578,2555
2455,2547
2433,2488
2543,2477
2584,2520
2575,2567
2592,2583
2599,2588
2590,2593
2593,2594
2536,2573
2512,2547
2529,2525
2598,2546
2586,2571
2592,2592
2580,2586
2590,2587
2601,2590
2591,2594
2478,2556
2484,2517
2442,2468
2495,2473
2532,2489
2486,2504
2588,2535
2471,2515
2590,2549
2597,2552
2588,2591
2585,2590
2566,2579
2575,2575
2584,2575
2594,2584
2562,2580
2605,2587
2585,2584
2585,2591
2550,2573
2568,2567
2592,2570
2546,2568
2465,2534
2590,2533
2511,2522
2543,2548
2587,2547
2573,2567
2560,2573
2505,2546
2586,2550
2469,2520
2454,2503
2589,2504
2594,2545
2593,2592
2596,2594
2591,2593
2479,2555
2536,2535
2509,2508
2561,2535
2524,2531
2588,2557
2586,2566
2560,2578
2448,2531
2575,2527
2561,2528
2537,2557
2567,2555
2588,2564
2587,2580
2591,2588
2575,2584
2578,2581
2536,2563
2483,2532
2541,2520
2577,2533
2607,2575
2596,2593
2616,2606
2511,2574
2520,2549
2572,2534
2580,2557
2580,2577
2580,2580
2589,2583
2590,2586
2577,2585
2590,2585
2586,2584
2586,2587
2584,2585
2586,2585
2526,2565
2474,2528
2591,2530
2482,2515
2534,2535
2541,2519
2581,2552
2580,2567
2529,2563
2588,2565
2591,2569
2580,2586
2597,2589
2588,2588
2580,2588
2597,2588
2596,2591
2506,2566
2470,2524
2607,2527
2523,2533
2512,2547
2585,2540
2511,2536
2580,2558
2593,2561
2582,2585
2582,2585
2582,2582
2574,2579
2548,2568
2476,2532
2574,2532
2564,2538
2498,2545
2594,2552
2536,2542
2566,2565
2596,2566
2588,2583
2480,2554
2533,2533
2511,2508
2535,2526
2588,2544
2517,2546
2479,2528
2577,2524
2470,2508
2478,2508
2582,2510
2584,2548
2597,2587
2607,2596
2580,2594
2492,2559
2607,2559
2595,2564
2607,2603
2608,2603
2471,2562
2572,2550
2584,2542
2457,2537
2591,2544
2593,2547
2585,2589
2536,2571
2604,2575
2525,2555
2589,2572
2607,2573
2484,2560
2602,2564
2585,2557
2600,2595
2586,2590
2479,2555
2562,2542
2579,2540
2463,2534
2536,2526
2498,2499
2592,2542
2488,2526
2530,2536
2572,2530
2587,2563
2550,2569
2572,2569
2576,2566
2541,2563
2545,2554
2582,2556
2596,2574
2486,2554
2584,2555
2589,2553
2457,2543
2581,2542
2589,2542
2586,2585
2521,2565
2588,2565
2504,2537
2463,2518
2440,2469
2589,2497
2492,2507
2532,2537
2530,2518
2575,2545
2592,2565
2593,2586
2606,2597
2594,2597
2603,2601
2596,2597
2577,2592
2601,2591
2550,2576
2584,2578
2563,2565
2454,2533
2579,2532
2534,2522
2592,2568
2570,2565
2586,2582
2513,2556
2447,2515
2576,2512
2605,2542
2590,2590
2608,2601
2524,2574
2608,2580
2602,2578
2608,2606
2607,2605
2596,2603
2542,2581
2496,2544
2580,2539
2587,2554
2579,2582
2591,2585
2582,2584
2477,2550
2470,2509
2573,2506
2593,2545
2526,2564
2593,2570
2561,2560
2510,2554
2500,2523
2578,2529
2561,2546
2484,2541
2590,2545
2528,2534
2496,2538
2552,2525
2592,2546
2543,2562
2582,2572
2594,2573
2500,2558
2562,2552
2517,2526
2505,2528
2457,2493
2581,2514
2547,2528
2543,2557
2581,2557
2435,2519
2588,2534
2590,2537
2532,2570
2590,2570
2544,2555
2445,2526
2475,2488
2580,2500
2590,2548
2565,2578
2511,2555
2546,2540
2587,2548
2586,2573
2600,2591
2578,2588
2586,2588
2586,2583
2508,2560
2485,2526
2598,2530
2447,2510
2561,2535
2521,2509
2589,2557
2511,2540
2578,2559
2529,2539
2589,2565
2538,2552
2586,2571
2549,2557
2590,2575
2604,2581
2509,2567
2591,2568
2580,2560
2582,2584
2583,2581
2549,2571
2600,2577
2456,2535
2596,2550
2575,2542
2585,2585
2584,2581
2590,2586
2575,2583
2591,2585
2575,2580
2591,2585
2568,2578
2575,2578
2459,2534
2475,2503
2477,2470
2593,2515
2577,2549
2501,2557
2458,2512
2575,2511
2592,2541
2582,2583
2493,2555
2547,2540
2571,2537
2588,2568
2593,2584
2542,2574
2589,2574
2561,2564
2581,2577
2547,2563
2462,2530
2590,2533
2588,2546
2590,2589
2572,2583
2452,2538
2575,2533
2506,2511
2588,2556
2530,2541
2575,2564
2582,2562
2592,2583
2447,2540
2543,2527
2470,2486
2561,2524
2583,2538
2538,2560
2465,2528
2590,2531
2574,2543
2462,2542
2445,2493
2483,2463
2511,2479
2574,2522
2575,2553
2545,2564
2540,2553
2597,2560
2589,2575
2568,2584
2543,2566
2590,2567
2578,2570
2590,2586
2464,2544
2471,2508
2477,2470
2582,2510
2586,2548
2496,2554
2570,2550
2433,2499
2521,2508
2543,2499
2594,2552
2578,2571
2511,2561
2588,2559
2603,2567
2527,2572
2580,2570
2531,2546
2601,2570
2596,2576
2495,2564
2456,2515
2528,2493
2575,2519
2582,2561
2511,2556
2591,2561
2456,2519
2575,2540
2591,2540
2582,2582
2522,2565
2580,2561
2512,2538
2479,2523
2586,2525
2579,2548
2532,2565
2589,2566
2584,2568
2607,2593
2576,2589
2598,2593
2586,2586
2476,2553
2578,2546
2593,2549
2496,2555
2477,2522
2444,2472
2586,2502
2588,2539
2466,2546
2596,2550
2601,2554
2575,2590
2565,2580
2583,2574
2462,2536
2582,2542
2524,2522
2594,2566
2513,2543
2529,2545
2606,2549
2528,2554
2578,2570
2591,2565
2511,2560
2551,2551
2596,2552
2580,2575
2575,2583
2473,2542
2582,2543
2543,2532
2515,2546
2497,2518
2473,2495
2447,2472
2590,2503
2456,2497
2588,2544
2479,2507
2573,2546
2596,2549
2429,2532
2586,2537
2584,2533
2585,2585
2506,2558
2578,2556
2571,2551
2512,2553
2577,2553
2575,2554
2575,2575
2589,2579
2536,2566
2538,2554
2465,2513
2585,2529
2482,2510
2453,2506
2578,2504
2591,2540
2548,2572
2443,2527
2447,2479
2585,2491
2584,2538
2594,2587
2590,2589
2552,2578
2519,2553
2480,2517
2594,2531
2590,2554
2585,2589
2598,2591
2548,2577
2552,2566
2597,2565
2570,2573
2543,2570
2580,2564
2565,2562
2577,2574
2588,2576
2571,2578
2490,2549
2593,2551
2525,2536
2496,2538
2543,2521
2592,2543
2582,2572
2585,2586
2511,2559
2543,2546
2584,2546
2464,2530
2490,2512
2575,2509
2570,2545
2538,2561
2575,2561
2581,2564
2499,2551
2585,2555
2592,2558
2575,2584
2532,2566
2497,2534
2599,2542
2540,2545
2580,2573
2543,2554
2540,2554
2581,2554
2580,2567
2575,2578
2594,2583
2543,2570
2576,2571
2560,2559
2575,2570
2584,2573
2573,2577
2460,2539
2581,2538
2562,2534
2591,2578
2610,2587
2567,2589
2596,2591
2582,2581
2600,2592
2597,2593
2580,2592
2608,2595
2570,2586
2611,2596
2552,2577
2606,2589
2479,2545
2585,2556
2578,2547
2495,2552
2585,2552
2540,2540
2511,2545
2588,2546
2524,2541
2575,2562
2575,2558
2578,2576
2591,2581
2605,2591
2607,2601
2575,2595
2511,2564
2607,2564
2604,2574
2489,2566
2575,2556
2439,2501
2532,2515
2580,2517
2590,2567
2589,2586
2586,2588
2596,2590
2554,2578
2581,2577
2575,2570
2528,2561
2460,2521
2585,2524
2560,2535
2464,2536
2474,2499
2607,2515
2495,2525
2482,2528
2607,2528
2589,2559
2511,2569
2421,2507
2464,2465
2578,2487
2503,2515
2481,2520
2565,2516
2579,2541
2575,2573
2585,2579
2590,2583
2454,2543
2608,2550
2581,2547
2447,2545
2593,2540
2600,2546
2509,2567
2607,2572
2543,2553
2486,2545
2594,2541
2505,2528
2443,2514
2577,2508
2588,2536
2575,2580
2584,2582
2590,2583
2584,2586
2585,2586
2581,2583
2577,2581
2594,2584
2463,2544
2587,2548
2572,2540
2573,2577
2591,2578
2585,2583
2582,2586
2590,2585
2594,2588
2586,2590
2580,2586
2585,2583
2596,2587
2592,2591
2573,2587
2544,2569
2560,2559
2588,2564
2567,2571
2591,2582
2585,2581
2464,2546
2584,2544
2594,2547
2479,2552
2588,2553
2578,2548
2601,2589
2560,2579
2584,2581
2589,2577
2476,2549
2596,2553
2448,2506
2587,2543
2594,2543
2542,2574
2543,2559
2505,2530
2576,2541
2568,2549
2589,2577
2560,2572
2594,2581
2548,2567
2592,2578
2584,2574
2597,2591
2600,2593
2590,2595
2601,2597
2545,2578
2603,2583
2520,2556
2459,2527
2586,2521
2541,2528
2608,2578
2586,2578
2573,2589
2490,2549
2522,2528
2504,2505
2576,2534
2592,2557
2573,2580
2461,2542
2575,2536
2467,2501
2608,2550
2561,2545
2578,2582
2595,2578
2606,2593
2591,2597
2470,2555
2606,2555
2603,2559
2608,2605
2607,2606
2580,2598
2479,2555
2578,2545
2498,2518
2450,2508
2585,2511
2472,2502
2592,2549
2472,2512
2566,2543
2584,2540
2617,2589
2587,2596
2608,2604
2575,2590
2458,2547
2592,2541
2456,2502
2458,2502
2453,2455
2605,2505
2604,2554
2540,2583
2586,2576
2572,2566
2592,2583
2577,2580
2584,2584
2572,2577
2600,2585
2484,2552
2417,2500
2584,2495
2437,2479
2590,2537
2588,2538
2575,2584
2494,2552
2512,2527
2590,2532
2576,2559
2605,2590
2486,2555
2483,2524
2601,2523
2565,2549
2479,2548
2571,2538
2572,2540
2573,2572
2597,2580
2560,2576
2588,2581
2573,2573
2500,2553
2586,2553
2517,2534
2479,2527
2480,2492
2456,2471
2593,2509
2482,2510
2572,2549
2591,2548
2522,2561
2467,2526
2479,2489
2528,2491
2454,2487
2495,2492
2594,2514
2466,2518
2500,2520
2473,2479
2492,2488
2480,2481
2584,2518
2453,2505
2415,2484
2509,2459
2475,2466
2493,2492
2547,2505
2587,2542
2586,2573
2564,2579
2575,2575
2571,2570
2580,2575
2528,2559
2528,2545
2462,2506
2476,2488
2479,2472
2580,2511
2585,2548
2542,2569
2568,2565
2587,2565
2562,2572
2580,2576
2515,2552
2548,2547
2522,2528
2588,2552
2596,2568
2600,2594
2603,2599
2582,2595
2510,2565
2574,2555
2596,2560
2607,2592
2593,2598
2550,2583
2596,2579
2572,2572
2592,2586
2589,2584
2594,2591
2569,2584
2589,2584
2487,2548
2578,2551
2569,2544
2574,2573
2590,2577
2509,2557
2463,2520
2506,2492
2489,2486
2575,2523
2587,2550
2530,2564
2477,2531
2544,2517
2592,2537
2574,2570
2588,2584
2511,2557
2576,2558
2595,2560
2594,2588
2595,2594
2506,2565
2598,2566
2575,2559
2575,2582
2575,2575
2571,2573
2588,2578
2562,2573
2586,2578
2566,2571
2543,2565
2585,2564
2538,2555
2536,2553
2437,2503
2580,2517
2479,2498
2532,2530
2478,2496
2488,2499
2601,2522
2516,2535
2575,2564
2577,2556
2594,2582
2590,2587
2589,2591
2593,2590
2532,2571
2583,2569
2534,2549
2574,2563
2586,2564
2492,2550
2564,2547
2575,2543
2548,2562
2452,2525
2441,2480
2515,2469
2598,2518
2449,2520
2452,2499
2466,2455
2574,2497
2509,2516
2560,2547
2498,2522
2586,2548
2573,2552
2590,2583
2572,2578
2602,2588
2502,2558
2502,2535
2479,2494
2560,2513
2597,2545
2546,2567
2579,2574
2591,2572
2505,2558
2516,2537
2597,2539
2588,2567
2568,2584
2584,2580
2524,2558
2577,2561
2585,2562
2477,2546
2506,2522
2581,2521
2588,2558
2595,2588
2454,2545
2495,2514
2526,2491
2585,2535
2530,2547
2579,2564
2596,2568
2494,2556
2511,2533
2531,2512
2453,2498
2588,2524
2470,2503
2458,2505
2566,2498
2591,2538
2591,2582
2488,2556
2577,2552
2552,2539
2586,2571
2577,2571
2575,2579
2464,2538
2585,2541
2585,2544
2584,2584
2580,2583
2526,2563
2596,2567
2592,2571
2586,2591
2460,2546
2538,2528
2547,2515
2606,2563
2543,2565
2575,2574
2587,2568
2590,2584
2575,2584
2568,2577
2590,2577
2583,2580
2456,2543
2588,2542
2588,2544
2451,2542
2589,2542
2560,2533
2602,2583
2600,2587
2516,2572
2497,2537
2579,2530
2605,2560
2596,2593
2535,2578
2587,2572
2604,2575
2604,2598
2587,2598
2566,2585
2586,2579
2543,2565
2590,2573
2586,2573
2585,2587
2468,2546
2577,2543
2569,2538
2489,2545
2608,2555
2607,2568
2492,2569
2537,2545
2610,2546
2612,2586
2510,2577
2495,2539
2600,2535
2496,2530
2462,2519
2465,2474
2588,2505
2590,2547
2543,2573
2477,2536
2495,2505
2598,2523
2575,2556
2587,2586
2470,2544
2588,2548
2565,2541
2482,2545
2584,2543
2591,2552
2576,2583
2561,2576
2479,2538
2561,2533
2589,2543
2582,2577
2591,2587
2586,2586
2588,2588
2459,2544
2588,2545
2578,2541
2588,2584
2574,2580
2457,2539
2480,2503
2485,2474
2595,2520
2546,2542
2460,2533
2575,2527
2594,2543
2550,2573
2469,2537
2514,2511
2543,2508
2561,2539
2597,2567
2566,2574
2588,2583
2576,2576
2589,2584
2479,2548
2500,2522
2575,2518
2575,2550
2602,2584
2543,2573
2577,2574
2600,2573
2575,2584
2573,2582
2575,2574
2580,2576
2539,2564
2541,2553
2476,2518
2502,2506
2575,2517
2565,2547
2560,2566
2581,2568
2596,2579
2593,2590
2576,2588
2597,2588
2575,2582
2601,2591
2587,2587
2593,2593
2590,2590
2606,2596
2575,2590
2590,2590
2577,2580
2550,2572
2585,2570
2578,2571
2584,2582
2592,2584
2596,2590
2584,2590
2588,2589
2597,2589
2596,2593
2564,2585
2564,2574
2546,2558
2550,2553
2604,2566
2576,2576
2510,2563
2431,2505
2561,2500
2574,2522
2484,2539
2588,2548
2583,2551
2596,2589
2581,2586
2575,2584
2594,2583
2513,2560
2598,2568
2586,2565
2534,2572
2587,2569
2578,2566
2600,2588
2465,2547
2575,2546
2592,2544
2458,2541
2494,2514
2601,2517
2442,2512
2584,2542
2511,2512
2577,2557
2597,2561
2456,2543
2577,2543
2590,2541
2537,2568
2597,2574
2528,2554
2575,2566
2577,2560
2510,2554
2585,2557
2508,2534
2590,2561
2576,2558
2583,2583
2560,2573
2566,2569
2552,2559
2490,2536
2601,2547
2596,2562
2457,2551
2605,2552
2580,2547
2570,2585
2537,2562
2469,2525
2592,2532
2464,2508
2485,2513
2564,2504
2586,2545
2471,2540
2571,2542
2447,2496
2460,2492
2575,2494
2589,2541
2565,2576
