2598
2603
2603
2600
2609
2601
2604
2599
2602
2607
2605
2602
2601
2604
2595
2607
2590
2606
2597
2597
2598
2604
2607
2598
2607
2603
2600
2607
2604
2602
2605
2607
2595
2605
2607
2613
2598
2607
2589
2603
2607
2605
2602
2600
2598
2590
2596
2604
2604
2605
2606
2600
2609
2596
2606
2605
2598
2609
2598
2607
2594
2605
2607
2606
2604
2607
2607
2604
2600
2595
2599
2606
2591
2598
2604
2591
2599
2596
2605
2588
2607
2604
2603
2604
2602
2598
2607
2606
2603
2602
2600
2593
2594
2617
2600
2582
2600
2596
2603
2604
2607
2601
2603
2596
2593
2594
2596
2598
2602
2609
2604
2599
2604
2604
2607
2598
2606
2600
2602
2593
2600
2602
2594
2595
2600
2597
2600
2596
2594
2600
2607
2603
2604
2605
2600
2594
2601
2600
2592
2591
2589
2602
2602
2593
2596
2604
2591
2598
2603
2607
2600
2594
2603
2604
2600
2604
2596
2599
2596
2594
2591
2602
2607
2592
2597
2604
2607
2597
2601
2602
2600
2602
2595
2597
2604
2597
2594
2605
2604
2598
2602
2596
2593
2604
2595
2596
2592
2607
2592
2604
2598
2600
2601
2607
2594
2590
2594
2606
2597
2606
2607
2596
2591
2601
2595
2592
2598
2606
2594
2596
2590
2594
2595
2602
2603
2604
2607
2594
2594
2593
2590
2590
2594
2587
2594
2606
2594
2602
2598
2593
2590
2579
2595
2600
2600
2596
2598
2596
2586
2599
2608
2592
2599
2594
2591
2599
2591
2597
2600
2593
2598
2593
2597
2602
2589
2589
2595
2597
2598
2595
2609
2600
2596
2589
2594
2604
2596
2592
2587
2596
2612
2601
2601
2602
2604
2587
2598
2596
2596
2602
2593
2593
2585
2584
2595
2592
2586
2596
2606
2600
2592
2595
2604
2600
2601
2600
2596
2596
2587
2594
2588
2606
2596
2598
2593
2597
2586
2604
2584
2611
2594
2598
2602
2592
2592
2600
2590
2600
2601
2608
2602
2597
2597
2597
2588
2598
2590
2603
2589
2580
2601
2596
2601
2591
2586
2600
2595
2590
2594
2597
2593
2600
2598
2593
2605
2601
2592
2607
2598
2594
2590
2597
2593
2607
2593
2591
2589
2598
2590
2599
2595
2605
2587
2594
2602
2604
2590
2596
2596
2592
2601
2590
2588
2598
2587
2594
2594
2600
2602
2596
2587
2601
2587
2600
2601
2602
2589
2588
2607
2598
2586
2600
2605
2588
2594
2596
2595
2598
2597
2602
2590
2605
2602
2584
2596
2596
2589
2581
2594
2591
2594
2604
2589
2589
2591
2591
2590
2591
2592
2590
2591
2590
2605
2601
2593
2595
2593
2597
2585
2597
2593
2593
2595
2596
2594
2597
2595
2592
2594
2590
2595
2591
2594
2590
2604
2592
2596
2605
2597
2592
2592
2582
2594
2600
2600
2604
2593
2592
2593
2589
2598
2606
2605
2594
2585
2594
2601
2592
2590
2601
2589
2581
2592
2596
2591
2587
2589
2592
2596
2592
2594
2592
2593
2603
2596
2593
2601
2596
2594
2600
2597
2604
2587
2596
2610
2597
2592
2590
2584
2591
2600
2600
2591
2597
2589
2596
2593
2593
2609
2602
2590
2600
2589
2592
2610
2594
2593
2592
2600
2602
2593
2593
2590
2586
2597
2589
2588
2591
2584
2598
2593
2590
2590
2593
2588
2596
2609
2592
2607
2582
2596
2590
2592
2600
2589
2601
2592
2604
2588
2595
2592
2591
2600
2594
2602
2590
2593
2589
2582
2600
2584
2590
2608
2593
2593
2600
2594
2601
2593
2589
2592
2593
2584
2592
2586
2593
2588
2596
2594
2594
2600
2590
2595
2601
2578
2596
2580
2594
2583
2589
2589
2591
2590
2594
2595
2592
2594
2603
2589
2589
2580
2591
2584
2594
2591
2594
2591
2596
2594
2593
2591
2600
2590
2598
2591
2589
2596
2587
2590
2599
2593
2589
2590
2591
2587
2593
2601
2589
2586
2586
2596
2596
2590
2598
2596
2600
2579
2598
2592
2591
2584
2593
2586
2594
2593
2614
2587
2575
2592
2596
2590
2594
2589
2591
2593
2592
2592
2577
2596
2601
2595
2588
2586
2599
2586
2593
2587
2590
2591
2590
2590
2590
2576
2596
2590
2593
2600
2592
2587
2603
2593
2593
2598
2597
2590
2596
2593
2592
2600
2599
2599
2584
2594
2594
2594
2600
2581
2586
2590
2596
2595
2589
2602
2580
2593
2589
2591
2598
2585
2589
2596
2590
2594
2588
2587
2582
2598
2592
2600
2596
2590
2596
2589
2592
2586
2595
2602
2590
2584
2606
2594
2583
2588
2594
2587
2588
2591
2591
2605
2590
2592
2592
2597
2590
2604
2598
2588
2597
2580
2595
2588
2587
2579
2586
2581
2600
2594
2582
2586
2579
2582
2592
2586
2595
2588
2596
2589
2582
2595
2598
2592
2586
2587
2593
2590
2584
2589
2602
2593
2589
2588
2591
2588
2592
2589
2588
2597
2590
2589
2600
2604
2594
2584
2598
2587
2588
2584
2585
2592
2590
2589
2601
2591
2584
2586
2591
2594
2599
2575
2586
2588
2592
2589
2598
2592
2597
2585
2607
2586
2589
2582
2596
2584
2582
2586
2589
2578
2588
2592
2590
2589
2584
2584
2593
2585
2585
2588
2596
2592
2596
2588
2592
2589
2591
2588
2595
2594
2595
2596
2588
2587
2593
2600
2588
2580
2594
2594
2592
2597
2582
2584
2592
2584
2589
2588
2598
2576
2590
2596
2584
2583
2581
2586
2578
2594
2586
2589
2589
2604
2590
2586
2598
2584
2586
2587
2575
2578
2581
2591
2586
2582
2592
2591
2591
2587
2588
2591
2588
2588
2599
2590
2575
2593
2597
2601
2600
2591
2580
2591
2596
2591
2595
2594
2589
2585
2582
2591
2594
2581
2591
2586
2601
2593
2593
2590
2601
2597
2588
2592
2590
2581
2585
2598
2598
2600
2590
2590
2590
2576
2603
2588
2606
2589
2594
2591
2595
2594
2590
2578
2584
2596
2580
2584
2575
2592
2590
2587
2598
2588
2595
2589
2591
2590
2590
2588
2595
2593
2580
2586
2585
2587
2592
2589
2590
2601
2574
2582
2589
2584
2589
2585
2589
2585
2593
2585
2593
2590
2590
2591
2600
2601
2591
2585
2593
2577
2582
2601
2589
2591
2591
2585
2596
2590
2597
2584
2589
2593
2586
2588
2605
2588
2589
2586
2594
2595
2588
2580
2576
2585
2585
2585
2596
2588
2588
2597
2586
2599
2584
2589
2597
2590
2593
2585
2590
2591
2590
2597
2590
2595
2596
2586
2592
2595
2589
2587
2588
2597
2588
2590
2591
2586
2585
2585
2586
2593
2596
2593
2588
2588
2592
2579
2590
2584
2578
2576
2588
2593
2592
2580
2596
2589
2592
2585
2592
2605
2589
2591
2594
2593
2585
2581
2593
2600
2585
2588
2588
2584
2590
2586
2600
2605
2588
2588
2588
2589
2590
2599
2602
2589
2596
2593
2591
2588
2582
2593
2582
2592
2586
2585
2594
2595
2592
2588
2586
2584
2581
2593
2600
2575
2575
2575
2585
2593
2589
2589
2588
2588
2580
