2570
2543
2572
2543
2571
2568
2569
2575
2560
2575
2580
2575
2560
2550
2574
2548
2580
2572
2564
2573
2570
2546
2576
2575
2575
2562
2569
2569
2573
2544
2563
2561
2560
2542
2585
2560
2570
2574
2579
2550
2575
2570
2572
2565
2561
2571
2560
2569
2573
2543
2561
2560
2578
2575
2569
2561
2572
2550
2573
2565
2575
2575
2569
2560
2577
2561
2576
2560
2573
2562
2568
2577
2574
2565
2560
2562
2560
2564
2581
2560
2563
2543
2560
2548
2560
2575
2544
2572
2546
2544
2564
2561
2562
2565
2560
2572
2548
2560
2568
2547
2570
2572
2560
2544
2568
2570
2560
2546
2575
2560
2574
2560
2575
2550
2573
2543
2572
2560
2575
2571
2562
2576
2571
2546
2575
2569
2541
2563
2576
2546
2571
2575
2575
2573
2569
2570
2575
2548
2564
2575
2565
2540
2561
2575
2545
2575
2575
2546
2567
2560
2561
2550
2575
2560
2573
2560
2575
2560
2570
2562
2554
2573
2569
2568
2585
2570
2573
2568
2561
2542
2560
2561
2548
2544
2573
2569
2562
2560
2569
2560
2575
2575
2571
2543
2575
2560
2579
2560
2570
2575
2577
2569
2575
2548
2560
2546
2545
2572
2575
2564
2543
2546
2561
2546
2575
2563
2577
2560
2573
2552
2575
2580
2546
2560
2575
2560
2566
2575
2564
2546
2560
2552
2560
2573
2575
2544
2562
2575
2560
2575
2577
2552
2551
2575
2560
2575
2563
2546
2569
2562
2575
2573
2573
2548
2575
2575
2568
2551
2574
2560
2569
2562
2581
2543
2575
2569
2567
2560
2573
2560
2575
2560
2568
2573
2546
2553
2575
2581
2575
2572
2568
2569
2576
2573
2563
2570
2570
2546
2560
2575
2575
2572
2576
2564
2560
2564
2575
2573
2581
2543
2560
2560
2561
2560
2575
2566
2550
2543
2581
2575
2564
2575
2564
2573
2549
2546
2576
2560
2560
2543
2576
2569
2566
2565
2575
2548
2560
2564
2543
2572
2575
2544
2570
2550
2543
2566
2562
2543
2568
2575
2560
2569
2577
2539
2548
2571
2573
2564
2562
2560
2568
2573
2562
2565
2580
2543
2566
2552
2561
2569
2574
2575
2561
2562
2550
2575
2571
2561
2575
2560
2580
2543
2575
2563
2570
2552
2566
2569
2560
2562
2569
2573
2575
2543
2578
2561
2581
2573
2573
2560
2574
2572
2575
2544
2548
2575
2571
2548
2575
2560
2544
2575
2566
2565
2574
2569
2564
2550
2572
2569
2560
2574
2581
2564
2568
2576
2547
2576
2575
2545
2560
2581
2575
2542
2563
2580
2560
2562
2581
2571
2573
2561
2545
2549
2575
2550
2548
2573
2570
2545
2575
2584
2562
2560
2575
2552
2569
2575
2577
2574
2581
2560
2578
2543
2576
2561
2560
2545
2568
2549
2552
2569
2575
2560
2575
2575
2575
2564
2548
2543
2561
2548
2565
2550
2575
2571
2562
2575
2573
2548
2572
2548
2575
2543
2560
2568
2548
2572
2576
2561
2561
2560
2574
2546
2561
2546
2580
2560
2575
2552
2575
2572
2575
2562
2575
2546
2577
2550
2569
2560
2562
2534
2569
2560
2571
2577
2576
2552
2571
2561
2570
2562
2579
2568
2574
2573
2561
2560
2546
2549
2566
2560
2560
2571
2575
2560
2560
2560
2568
2560
2550
2550
2575
2570
2572
2573
2560
2546
2571
2560
2570
2550
2575
2570
2569
2548
2565
2572
2561
2552
2573
2551
2568
2580
2569
2542
2566
2548
2580
2549
2573
2548
2570
2543
2561
2560
2551
2544
2570
2548
2577
2560
2580
2568
2563
2573
2574
2549
2577
2572
2560
2560
2562
2552
2575
2560
2543
2560
2579
2560
2568
2560
2576
2565
2574
2560
2578
2562
2544
2561
2565
2543
2575
2560
2571
2569
2573
2569
2547
2560
2561
2570
2567
2552
2575
2574
2581
2575
2561
2550
2568
2574
2573
2548
2543
2546
2568
2568
2548
2550
2565
2560
2575
2573
2569
2575
2580
2575
2574
2548
2575
2549
2577
2560
2577
2575
2569
2564
2571
2542
2578
2548
2548
2560
2573
2544
2584
2564
2574
2566
2560
2560
2560
2574
2544
2575
2569
2549
2576
2560
2566
2575
2574
2560
2549
2543
2560
2572
2570
2560
2561
2560
2560
2575
2560
2548
2570
2546
2560
2564
2577
2550
2572
2566
2569
2568
2575
2577
2575
2580
2566
2546
2552
2565
2565
2573
2570
2550
2572
2546
2566
2560
2562
2560
2575
2575
2543
2560
2565
2544
2564
2544
2550
2564
2562
2536
2568
2546
2569
2563
2570
2550
2570
2584
2560
2566
2575
2543
2575
2561
2570
2542
2560
2569
2573
2564
2544
2560
2548
2575
2560
2560
2543
2574
2575
2560
2568
2546
2560
2560
2565
2575
2544
2574
2562
2570
2575
2546
2560
2577
2575
2544
2553
2550
2566
2562
2572
2569
2562
2560
2563
2575
2575
2546
2575
2560
2560
2550
2577
2543
2545
2574
2579
2573
2550
2561
2573
2548
2573
2546
2575
2581
2566
2571
2578
2565
2576
2560
2568
2546
2569
2570
2575
2549
2561
2569
2575
2546
2560
2577
2553
2543
2573
2572
2543
2575
2575
2546
2550
2575
2560
2571
2568
2548
2578
2552
2575
2548
2560
2560
2570
2560
2570
2560
2575
2562
2564
2560
2573
2560
2569
2562
2575
2562
2579
2548
2564
2571
2575
2553
2548
2574
2571
2550
2573
2549
2572
2542
2576
2563
2563
2560
2567
2544
2581
2574
2570
2578
2571
2550
2580
2543
2563
2545
2575
2544
2566
2552
2548
2571
2575
2575
2560
2560
2574
2560
2580
2552
2544
2580
2575
2572
2581
2549
2574
2574
2569
2560
2577
2560
2574
2548
2562
2560
2563
2546
2577
2560
2561
2573
2566
2575
2549
2576
2583
2546
2561
2575
2574
2546
2561
2560
2575
2561
2570
2543
2576
2560
2570
2552
2570
2560
2574
2546
2575
2560
2560
2572
2563
2575
2569
2560
2572
2550
2567
2548
2544
2545
2560
2543
2575
2560
2560
2560
2546
2546
2561
2564
2569
2543
2567
2577
2571
2564
2562
2560
2576
2543
2560
2562
2546
2548
2573
2548
2560
2560
2575
2550
2561
2550
2575
2550
2584
2565
2552
2560
2573
2561
2575
2574
2571
2573
2574
2562
2548
2544
2573
2564
2543
2548
2551
2545
2581
2563
2575
2560
2575
2576
2573
2564
2575
2543
2570
2560
2549
2548
2577
2569
2575
2576
2560
2543
2569
2562
2575
2560
2551
2580
2566
2562
2568
2575
2575
2546
2581
2564
2571
2565
2562
2565
2550
2574
2568
2560
2581
2549
2553
2543
2574
2546
2549
2572
2575
2581
2561
2560
2549
2573
2544
2550
2576
2571
2567
2544
2570
2551
2560
2551
2564
2544
2565
2544
2573
2546
2575
2543
2543
2543
2564
2574
2569
2560
2578
2560
2545
2560
2576
2550
2564
2543
2579
2560
2560
2560
2560
2560
2574
2569
2570
2552
2550
2570
2548
2562
2578
2574
2581
2543
2575
2560
2568
